say 4 1 1 1 1 1 1 1 1 
after 12 1 1 1 1 1 1 1 1 1 1 1 1 1 1 1 1 1 1 1 1 1 1 1 1 
us 8 1 1 1 1 1 1 1 1 1 1 1 1 1 1 1 1 
seok 8 1 1 1 1 1 1 1 1 1 1 1 1 1 1 1 1 
unclear 4 1 1 1 1 1 1 1 1 
every 8 1 1 1 1 1 1 1 1 1 1 1 1 1 1 1 1 
leader 4 1 1 1 1 1 1 1 1 
first 16 1 1 1 1 1 1 1 1 1 1 1 1 1 1 1 1 1 1 1 1 1 1 1 1 1 1 1 1 1 1 1 1 
these 28 1 1 1 1 1 1 1 1 1 1 1 1 1 1 1 1 1 1 1 1 1 1 1 1 1 1 1 1 1 1 1 1 1 1 1 1 1 1 1 1 1 1 1 1 1 1 1 1 1 1 1 1 1 1 1 1 
together 12 1 1 1 1 1 1 1 1 1 1 1 1 1 1 1 1 1 1 1 1 1 1 1 1 
contol 4 1 1 1 1 1 1 1 1 
c 56 1 1 1 1 1 1 1 1 1 1 1 1 1 1 1 1 1 1 1 1 1 1 1 1 1 1 1 1 1 1 1 1 1 1 1 1 1 1 1 1 1 1 1 1 1 1 1 1 1 1 1 1 1 1 1 1 1 1 1 1 1 1 1 1 1 1 1 1 1 1 1 1 1 1 1 1 1 1 1 1 1 1 1 1 1 1 1 1 1 1 1 1 1 1 1 1 1 1 1 1 1 1 1 1 1 1 1 1 1 1 1 1 
assignments 56 1 1 1 1 1 1 1 1 1 1 1 1 1 1 1 1 1 1 1 1 1 1 1 1 1 1 1 1 1 1 1 1 1 1 1 1 1 1 1 1 1 1 1 1 1 1 1 1 1 1 1 1 1 1 1 1 1 1 1 1 1 1 1 1 1 1 1 1 1 1 1 1 1 1 1 1 1 1 1 1 1 1 1 1 1 1 1 1 1 1 1 1 1 1 1 1 1 1 1 1 1 1 1 1 1 1 1 1 1 1 1 1 
less 4 1 1 1 1 1 1 1 1 
classic 4 1 1 1 1 1 1 1 1 
harder 4 1 1 1 1 1 1 1 1 
developed 4 1 1 1 1 1 1 1 1 
since 8 1 1 1 1 1 1 1 1 1 1 1 1 1 1 1 1 
isn 4 1 1 1 1 1 1 1 1 
may 8 1 1 1 1 1 1 1 1 1 1 1 1 1 1 1 1 
percent 12 1 1 1 1 1 1 1 1 1 1 1 1 1 1 1 1 1 1 1 1 1 1 1 1 
t 20 1 1 1 1 1 1 1 1 1 1 1 1 1 1 1 1 1 1 1 1 1 1 1 1 1 1 1 1 1 1 1 1 1 1 1 1 1 1 1 1 
then 4 1 1 1 1 1 1 1 1 
notes 4 1 1 1 1 1 1 1 1 
circumstance 4 1 1 1 1 1 1 1 1 
covering 4 1 1 1 1 1 1 1 1 
holiday 4 1 1 1 1 1 1 1 1 
submitted 16 1 1 1 1 1 1 1 1 1 1 1 1 1 1 1 1 1 1 1 1 1 1 1 1 1 1 1 1 1 1 1 1 
out 8 1 1 1 1 1 1 1 1 1 1 1 1 1 1 1 1 
hand 12 1 1 1 1 1 1 1 1 1 1 1 1 1 1 1 1 1 1 1 1 1 1 1 1 
include 4 1 1 1 1 1 1 1 1 
editors 4 1 1 1 1 1 1 1 1 
extension 4 1 1 1 1 1 1 1 1 
problem 20 1 1 1 1 1 1 1 1 1 1 1 1 1 1 1 1 1 1 1 1 1 1 1 1 1 1 1 1 1 1 1 1 1 1 1 1 1 1 1 1 
way 4 1 1 1 1 1 1 1 1 
lt 32 1 1 1 1 1 1 1 1 1 1 1 1 1 1 1 1 1 1 1 1 1 1 1 1 1 1 1 1 1 1 1 1 1 1 1 1 1 1 1 1 1 1 1 1 1 1 1 1 1 1 1 1 1 1 1 1 1 1 1 1 1 1 1 1 
instructor 16 1 1 1 1 1 1 1 1 1 1 1 1 1 1 1 1 1 1 1 1 1 1 1 1 1 1 1 1 1 1 1 1 
turn 4 1 1 1 1 1 1 1 1 
standalone 8 1 1 1 1 1 1 1 1 1 1 1 1 1 1 1 1 
call 4 1 1 1 1 1 1 1 1 
reading 4 1 1 1 1 1 1 1 1 
to 220 1 1 1 1 1 1 1 1 1 1 1 1 1 1 1 1 1 1 1 1 1 1 1 1 1 1 1 1 1 1 1 1 1 1 1 1 1 1 1 1 1 1 1 1 1 1 1 1 1 1 1 1 1 1 1 1 1 1 1 1 1 1 1 1 1 1 1 1 1 1 1 1 1 1 1 1 1 1 1 1 1 1 1 1 1 1 1 1 1 1 1 1 1 1 1 1 1 1 1 1 1 1 1 1 1 1 1 1 1 1 1 1 1 1 1 1 1 1 1 1 1 1 1 1 1 1 1 1 1 1 1 1 1 1 1 1 1 1 1 1 1 1 1 1 1 1 1 1 1 1 1 1 1 1 1 1 1 1 1 1 1 1 1 1 1 1 1 1 1 1 1 1 1 1 1 1 1 1 1 1 1 1 1 1 1 1 1 1 1 1 1 1 1 1 1 1 1 1 1 1 1 1 1 1 1 1 1 1 1 1 1 1 1 1 1 1 1 1 1 1 1 1 1 1 1 1 1 1 1 1 1 1 1 1 1 1 1 1 1 1 1 1 1 1 1 1 1 1 1 1 1 1 1 1 1 1 1 1 1 1 1 1 1 1 1 1 1 1 1 1 1 1 1 1 1 1 1 1 1 1 1 1 1 1 1 1 1 1 1 1 1 1 1 1 1 1 1 1 1 1 1 1 1 1 1 1 1 1 1 1 1 1 1 1 1 1 1 1 1 1 1 1 1 1 1 1 1 1 1 1 1 1 1 1 1 1 1 1 1 1 1 1 1 1 1 1 1 1 1 1 1 1 1 1 1 1 1 1 1 1 1 1 1 1 1 1 1 1 1 1 1 1 1 1 1 1 1 1 1 1 1 1 1 1 1 1 1 1 1 1 1 1 1 1 1 1 1 1 1 1 1 1 1 1 1 1 1 1 1 1 1 1 1 1 1 1 1 1 1 1 1 1 1 1 1 1 1 1 1 1 1 1 1 1 1 1 1 1 1 1 
computing 4 1 1 1 1 1 1 1 1 
stating 4 1 1 1 1 1 1 1 1 
talk 12 1 1 1 1 1 1 1 1 1 1 1 1 1 1 1 1 1 1 1 1 1 1 1 1 
s 16 1 1 1 1 1 1 1 1 1 1 1 1 1 1 1 1 1 1 1 1 1 1 1 1 1 1 1 1 1 1 1 1 
air 4 1 1 1 1 1 1 1 1 
system 16 1 1 1 1 1 1 1 1 1 1 1 1 1 1 1 1 1 1 1 1 1 1 1 1 1 1 1 1 1 1 1 1 
look 4 1 1 1 1 1 1 1 1 
etc 4 1 1 1 1 1 1 1 1 
captures 4 1 1 1 1 1 1 1 1 
resubmitted 4 1 1 1 1 1 1 1 1 
chen 16 1 1 1 1 1 1 1 1 1 1 1 1 1 1 1 1 1 1 1 1 1 1 1 1 1 1 1 1 1 1 1 1 
an 8 1 1 1 1 1 1 1 1 1 1 1 1 1 1 1 1 
which 8 1 1 1 1 1 1 1 1 1 1 1 1 1 1 1 1 
skills 24 1 1 1 1 1 1 1 1 1 1 1 1 1 1 1 1 1 1 1 1 1 1 1 1 1 1 1 1 1 1 1 1 1 1 1 1 1 1 1 1 1 1 1 1 1 1 1 1 
weeks 8 1 1 1 1 1 1 1 1 1 1 1 1 1 1 1 1 
racing 4 1 1 1 1 1 1 1 1 
be 92 1 1 1 1 1 1 1 1 1 1 1 1 1 1 1 1 1 1 1 1 1 1 1 1 1 1 1 1 1 1 1 1 1 1 1 1 1 1 1 1 1 1 1 1 1 1 1 1 1 1 1 1 1 1 1 1 1 1 1 1 1 1 1 1 1 1 1 1 1 1 1 1 1 1 1 1 1 1 1 1 1 1 1 1 1 1 1 1 1 1 1 1 1 1 1 1 1 1 1 1 1 1 1 1 1 1 1 1 1 1 1 1 1 1 1 1 1 1 1 1 1 1 1 1 1 1 1 1 1 1 1 1 1 1 1 1 1 1 1 1 1 1 1 1 1 1 1 1 1 1 1 1 1 1 1 1 1 1 1 1 1 1 1 1 1 1 1 1 1 1 1 1 1 1 1 1 1 1 1 1 1 1 1 1 
has 8 1 1 1 1 1 1 1 1 1 1 1 1 1 1 1 1 
processes 4 1 1 1 1 1 1 1 1 
various 8 1 1 1 1 1 1 1 1 1 1 1 1 1 1 1 1 
sunday 8 1 1 1 1 1 1 1 1 1 1 1 1 1 1 1 1 
sudi 8 1 1 1 1 1 1 1 1 1 1 1 1 1 1 1 1 
environment 4 1 1 1 1 1 1 1 1 
rtos 4 1 1 1 1 1 1 1 1 
medium 4 1 1 1 1 1 1 1 1 
small 16 1 1 1 1 1 1 1 1 1 1 1 1 1 1 1 1 1 1 1 1 1 1 1 1 1 1 1 1 1 1 1 1 
unpleasant 4 1 1 1 1 1 1 1 1 
weekend 4 1 1 1 1 1 1 1 1 
fill 4 1 1 1 1 1 1 1 1 
activated 8 1 1 1 1 1 1 1 1 1 1 1 1 1 1 1 1 
students 12 1 1 1 1 1 1 1 1 1 1 1 1 1 1 1 1 1 1 1 1 1 1 1 1 
while 4 1 1 1 1 1 1 1 1 
head 4 1 1 1 1 1 1 1 1 
than 12 1 1 1 1 1 1 1 1 1 1 1 1 1 1 1 1 1 1 1 1 1 1 1 1 
experience 12 1 1 1 1 1 1 1 1 1 1 1 1 1 1 1 1 1 1 1 1 1 1 1 1 
group 16 1 1 1 1 1 1 1 1 1 1 1 1 1 1 1 1 1 1 1 1 1 1 1 1 1 1 1 1 1 1 1 1 
books 16 1 1 1 1 1 1 1 1 1 1 1 1 1 1 1 1 1 1 1 1 1 1 1 1 1 1 1 1 1 1 1 1 
times 4 1 1 1 1 1 1 1 1 
sockets 4 1 1 1 1 1 1 1 1 
bash 8 1 1 1 1 1 1 1 1 1 1 1 1 1 1 1 1 
seven 4 1 1 1 1 1 1 1 1 
behalf 4 1 1 1 1 1 1 1 1 
lecturer 4 1 1 1 1 1 1 1 1 
solving 12 1 1 1 1 1 1 1 1 1 1 1 1 1 1 1 1 1 1 1 1 1 1 1 1 
result 4 1 1 1 1 1 1 1 1 
g 16 1 1 1 1 1 1 1 1 1 1 1 1 1 1 1 1 1 1 1 1 1 1 1 1 1 1 1 1 1 1 1 1 
teams 16 1 1 1 1 1 1 1 1 1 1 1 1 1 1 1 1 1 1 1 1 1 1 1 1 1 1 1 1 1 1 1 1 
in 132 1 1 1 1 1 1 1 1 1 1 1 1 1 1 1 1 1 1 1 1 1 1 1 1 1 1 1 1 1 1 1 1 1 1 1 1 1 1 1 1 1 1 1 1 1 1 1 1 1 1 1 1 1 1 1 1 1 1 1 1 1 1 1 1 1 1 1 1 1 1 1 1 1 1 1 1 1 1 1 1 1 1 1 1 1 1 1 1 1 1 1 1 1 1 1 1 1 1 1 1 1 1 1 1 1 1 1 1 1 1 1 1 1 1 1 1 1 1 1 1 1 1 1 1 1 1 1 1 1 1 1 1 1 1 1 1 1 1 1 1 1 1 1 1 1 1 1 1 1 1 1 1 1 1 1 1 1 1 1 1 1 1 1 1 1 1 1 1 1 1 1 1 1 1 1 1 1 1 1 1 1 1 1 1 1 1 1 1 1 1 1 1 1 1 1 1 1 1 1 1 1 1 1 1 1 1 1 1 1 1 1 1 1 1 1 1 1 1 1 1 1 1 1 1 1 1 1 1 1 1 1 1 1 1 1 1 1 1 1 1 1 1 1 1 1 1 1 1 1 1 1 1 1 1 1 1 1 1 1 1 1 1 1 1 
answer 8 1 1 1 1 1 1 1 1 1 1 1 1 1 1 1 1 
project 60 1 1 1 1 1 1 1 1 1 1 1 1 1 1 1 1 1 1 1 1 1 1 1 1 1 1 1 1 1 1 1 1 1 1 1 1 1 1 1 1 1 1 1 1 1 1 1 1 1 1 1 1 1 1 1 1 1 1 1 1 1 1 1 1 1 1 1 1 1 1 1 1 1 1 1 1 1 1 1 1 1 1 1 1 1 1 1 1 1 1 1 1 1 1 1 1 1 1 1 1 1 1 1 1 1 1 1 1 1 1 1 1 1 1 1 1 1 1 1 1 
great 8 1 1 1 1 1 1 1 1 1 1 1 1 1 1 1 1 
w 4 1 1 1 1 1 1 1 1 
ansi 8 1 1 1 1 1 1 1 1 1 1 1 1 1 1 1 1 
name 4 1 1 1 1 1 1 1 1 
me 8 1 1 1 1 1 1 1 1 1 1 1 1 1 1 1 1 
according 4 1 1 1 1 1 1 1 1 
prior 4 1 1 1 1 1 1 1 1 
tinysearchengine 8 1 1 1 1 1 1 1 1 1 1 1 1 1 1 1 1 
course 64 1 1 1 1 1 1 1 1 1 1 1 1 1 1 1 1 1 1 1 1 1 1 1 1 1 1 1 1 1 1 1 1 1 1 1 1 1 1 1 1 1 1 1 1 1 1 1 1 1 1 1 1 1 1 1 1 1 1 1 1 1 1 1 1 1 1 1 1 1 1 1 1 1 1 1 1 1 1 1 1 1 1 1 1 1 1 1 1 1 1 1 1 1 1 1 1 1 1 1 1 1 1 1 1 1 1 1 1 1 1 1 1 1 1 1 1 1 1 1 1 1 1 1 1 1 1 1 1 
on 116 1 1 1 1 1 1 1 1 1 1 1 1 1 1 1 1 1 1 1 1 1 1 1 1 1 1 1 1 1 1 1 1 1 1 1 1 1 1 1 1 1 1 1 1 1 1 1 1 1 1 1 1 1 1 1 1 1 1 1 1 1 1 1 1 1 1 1 1 1 1 1 1 1 1 1 1 1 1 1 1 1 1 1 1 1 1 1 1 1 1 1 1 1 1 1 1 1 1 1 1 1 1 1 1 1 1 1 1 1 1 1 1 1 1 1 1 1 1 1 1 1 1 1 1 1 1 1 1 1 1 1 1 1 1 1 1 1 1 1 1 1 1 1 1 1 1 1 1 1 1 1 1 1 1 1 1 1 1 1 1 1 1 1 1 1 1 1 1 1 1 1 1 1 1 1 1 1 1 1 1 1 1 1 1 1 1 1 1 1 1 1 1 1 1 1 1 1 1 1 1 1 1 1 1 1 1 1 1 1 1 1 1 1 1 1 1 1 1 1 1 1 1 1 1 1 1 1 1 1 1 1 1 
cs 56 1 1 1 1 1 1 1 1 1 1 1 1 1 1 1 1 1 1 1 1 1 1 1 1 1 1 1 1 1 1 1 1 1 1 1 1 1 1 1 1 1 1 1 1 1 1 1 1 1 1 1 1 1 1 1 1 1 1 1 1 1 1 1 1 1 1 1 1 1 1 1 1 1 1 1 1 1 1 1 1 1 1 1 1 1 1 1 1 1 1 1 1 1 1 1 1 1 1 1 1 1 1 1 1 1 1 1 1 1 1 1 1 
card 12 1 1 1 1 1 1 1 1 1 1 1 1 1 1 1 1 1 1 1 1 1 1 1 1 
any 20 1 1 1 1 1 1 1 1 1 1 1 1 1 1 1 1 1 1 1 1 1 1 1 1 1 1 1 1 1 1 1 1 1 1 1 1 1 1 1 1 
robots 8 1 1 1 1 1 1 1 1 1 1 1 1 1 1 1 1 
most 4 1 1 1 1 1 1 1 1 
case 4 1 1 1 1 1 1 1 1 
vital 4 1 1 1 1 1 1 1 1 
engineering 4 1 1 1 1 1 1 1 1 
original 4 1 1 1 1 1 1 1 1 
tu 4 1 1 1 1 1 1 1 1 
flying 4 1 1 1 1 1 1 1 1 
it 48 1 1 1 1 1 1 1 1 1 1 1 1 1 1 1 1 1 1 1 1 1 1 1 1 1 1 1 1 1 1 1 1 1 1 1 1 1 1 1 1 1 1 1 1 1 1 1 1 1 1 1 1 1 1 1 1 1 1 1 1 1 1 1 1 1 1 1 1 1 1 1 1 1 1 1 1 1 1 1 1 1 1 1 1 1 1 1 1 1 1 1 1 1 1 1 1 
specifically 12 1 1 1 1 1 1 1 1 1 1 1 1 1 1 1 1 1 1 1 1 1 1 1 1 
sobell 4 1 1 1 1 1 1 1 1 
crawler 4 1 1 1 1 1 1 1 1 
stay 4 1 1 1 1 1 1 1 1 
min 8 1 1 1 1 1 1 1 1 1 1 1 1 1 1 1 1 
by 36 1 1 1 1 1 1 1 1 1 1 1 1 1 1 1 1 1 1 1 1 1 1 1 1 1 1 1 1 1 1 1 1 1 1 1 1 1 1 1 1 1 1 1 1 1 1 1 1 1 1 1 1 1 1 1 1 1 1 1 1 1 1 1 1 1 1 1 1 1 1 1 1 
breaking 4 1 1 1 1 1 1 1 1 
cannot 12 1 1 1 1 1 1 1 1 1 1 1 1 1 1 1 1 1 1 1 1 1 1 1 1 
bronson 4 1 1 1 1 1 1 1 1 
source 32 1 1 1 1 1 1 1 1 1 1 1 1 1 1 1 1 1 1 1 1 1 1 1 1 1 1 1 1 1 1 1 1 1 1 1 1 1 1 1 1 1 1 1 1 1 1 1 1 1 1 1 1 1 1 1 1 1 1 1 1 1 1 1 1 
exposed 8 1 1 1 1 1 1 1 1 1 1 1 1 1 1 1 1 
ever 4 1 1 1 1 1 1 1 1 
pass 4 1 1 1 1 1 1 1 1 
domain 4 1 1 1 1 1 1 1 1 
fancy 4 1 1 1 1 1 1 1 1 
core 8 1 1 1 1 1 1 1 1 1 1 1 1 1 1 1 1 
thread 4 1 1 1 1 1 1 1 1 
science 4 1 1 1 1 1 1 1 1 
anywhere 4 1 1 1 1 1 1 1 1 
unless 4 1 1 1 1 1 1 1 1 
segfaults 12 1 1 1 1 1 1 1 1 1 1 1 1 1 1 1 1 1 1 1 1 1 1 1 1 
challenges 4 1 1 1 1 1 1 1 1 
strong 4 1 1 1 1 1 1 1 1 
andrew 4 1 1 1 1 1 1 1 1 
command 4 1 1 1 1 1 1 1 1 
this 52 1 1 1 1 1 1 1 1 1 1 1 1 1 1 1 1 1 1 1 1 1 1 1 1 1 1 1 1 1 1 1 1 1 1 1 1 1 1 1 1 1 1 1 1 1 1 1 1 1 1 1 1 1 1 1 1 1 1 1 1 1 1 1 1 1 1 1 1 1 1 1 1 1 1 1 1 1 1 1 1 1 1 1 1 1 1 1 1 1 1 1 1 1 1 1 1 1 1 1 1 1 1 1 1 
edition 8 1 1 1 1 1 1 1 1 1 1 1 1 1 1 1 1 
penalties 8 1 1 1 1 1 1 1 1 1 1 1 1 1 1 1 1 
deliver 4 1 1 1 1 1 1 1 1 
concerns 4 1 1 1 1 1 1 1 1 
beta 4 1 1 1 1 1 1 1 1 
commitment 4 1 1 1 1 1 1 1 1 
development 20 1 1 1 1 1 1 1 1 1 1 1 1 1 1 1 1 1 1 1 1 1 1 1 1 1 1 1 1 1 1 1 1 1 1 1 1 1 1 1 1 
testing 8 1 1 1 1 1 1 1 1 1 1 1 1 1 1 1 1 
design 52 1 1 1 1 1 1 1 1 1 1 1 1 1 1 1 1 1 1 1 1 1 1 1 1 1 1 1 1 1 1 1 1 1 1 1 1 1 1 1 1 1 1 1 1 1 1 1 1 1 1 1 1 1 1 1 1 1 1 1 1 1 1 1 1 1 1 1 1 1 1 1 1 1 1 1 1 1 1 1 1 1 1 1 1 1 1 1 1 1 1 1 1 1 1 1 1 1 1 1 1 1 1 1 1 
checks 4 1 1 1 1 1 1 1 1 
addition 8 1 1 1 1 1 1 1 1 1 1 1 1 1 1 1 1 
our 16 1 1 1 1 1 1 1 1 1 1 1 1 1 1 1 1 1 1 1 1 1 1 1 1 1 1 1 1 1 1 1 1 
projects 16 1 1 1 1 1 1 1 1 1 1 1 1 1 1 1 1 1 1 1 1 1 1 1 1 1 1 1 1 1 1 1 1 
writing 16 1 1 1 1 1 1 1 1 1 1 1 1 1 1 1 1 1 1 1 1 1 1 1 1 1 1 1 1 1 1 1 1 
language 4 1 1 1 1 1 1 1 1 
making 4 1 1 1 1 1 1 1 1 
overall 4 1 1 1 1 1 1 1 1 
assignment 12 1 1 1 1 1 1 1 1 1 1 1 1 1 1 1 1 1 1 1 1 1 1 1 1 
resubmit 4 1 1 1 1 1 1 1 1 
exercises 8 1 1 1 1 1 1 1 1 1 1 1 1 1 1 1 1 
fanglin 12 1 1 1 1 1 1 1 1 1 1 1 1 1 1 1 1 1 1 1 1 1 1 1 1 
carson 8 1 1 1 1 1 1 1 1 1 1 1 1 1 1 1 1 
rather 4 1 1 1 1 1 1 1 1 
ides 8 1 1 1 1 1 1 1 1 1 1 1 1 1 1 1 1 
gained 4 1 1 1 1 1 1 1 1 
we 72 1 1 1 1 1 1 1 1 1 1 1 1 1 1 1 1 1 1 1 1 1 1 1 1 1 1 1 1 1 1 1 1 1 1 1 1 1 1 1 1 1 1 1 1 1 1 1 1 1 1 1 1 1 1 1 1 1 1 1 1 1 1 1 1 1 1 1 1 1 1 1 1 1 1 1 1 1 1 1 1 1 1 1 1 1 1 1 1 1 1 1 1 1 1 1 1 1 1 1 1 1 1 1 1 1 1 1 1 1 1 1 1 1 1 1 1 1 1 1 1 1 1 1 1 1 1 1 1 1 1 1 1 1 1 1 1 1 1 1 1 1 1 1 1 
held 4 1 1 1 1 1 1 1 1 
j 4 1 1 1 1 1 1 1 1 
account 8 1 1 1 1 1 1 1 1 1 1 1 1 1 1 1 1 
bring 4 1 1 1 1 1 1 1 1 
keep 8 1 1 1 1 1 1 1 1 1 1 1 1 1 1 1 1 
languages 4 1 1 1 1 1 1 1 1 
bing 8 1 1 1 1 1 1 1 1 1 1 1 1 1 1 1 1 
for 104 1 1 1 1 1 1 1 1 1 1 1 1 1 1 1 1 1 1 1 1 1 1 1 1 1 1 1 1 1 1 1 1 1 1 1 1 1 1 1 1 1 1 1 1 1 1 1 1 1 1 1 1 1 1 1 1 1 1 1 1 1 1 1 1 1 1 1 1 1 1 1 1 1 1 1 1 1 1 1 1 1 1 1 1 1 1 1 1 1 1 1 1 1 1 1 1 1 1 1 1 1 1 1 1 1 1 1 1 1 1 1 1 1 1 1 1 1 1 1 1 1 1 1 1 1 1 1 1 1 1 1 1 1 1 1 1 1 1 1 1 1 1 1 1 1 1 1 1 1 1 1 1 1 1 1 1 1 1 1 1 1 1 1 1 1 1 1 1 1 1 1 1 1 1 1 1 1 1 1 1 1 1 1 1 1 1 1 1 1 1 1 1 1 1 1 1 1 1 1 1 1 1 1 1 1 1 1 1 
your 72 1 1 1 1 1 1 1 1 1 1 1 1 1 1 1 1 1 1 1 1 1 1 1 1 1 1 1 1 1 1 1 1 1 1 1 1 1 1 1 1 1 1 1 1 1 1 1 1 1 1 1 1 1 1 1 1 1 1 1 1 1 1 1 1 1 1 1 1 1 1 1 1 1 1 1 1 1 1 1 1 1 1 1 1 1 1 1 1 1 1 1 1 1 1 1 1 1 1 1 1 1 1 1 1 1 1 1 1 1 1 1 1 1 1 1 1 1 1 1 1 1 1 1 1 1 1 1 1 1 1 1 1 1 1 1 1 1 1 1 1 1 1 1 1 
unsure 4 1 1 1 1 1 1 1 1 
giving 4 1 1 1 1 1 1 1 1 
policy 24 1 1 1 1 1 1 1 1 1 1 1 1 1 1 1 1 1 1 1 1 1 1 1 1 1 1 1 1 1 1 1 1 1 1 1 1 1 1 1 1 1 1 1 1 1 1 1 1 
tas 4 1 1 1 1 1 1 1 1 
hyung 8 1 1 1 1 1 1 1 1 1 1 1 1 1 1 1 1 
expose 4 1 1 1 1 1 1 1 1 
through 12 1 1 1 1 1 1 1 1 1 1 1 1 1 1 1 1 1 1 1 1 1 1 1 1 
yours 8 1 1 1 1 1 1 1 1 1 1 1 1 1 1 1 1 
fourth 4 1 1 1 1 1 1 1 1 
require 8 1 1 1 1 1 1 1 1 1 1 1 1 1 1 1 1 
thing 8 1 1 1 1 1 1 1 1 1 1 1 1 1 1 1 1 
why 4 1 1 1 1 1 1 1 1 
nbsp 732 1 1 1 1 1 1 1 1 1 1 1 1 1 1 1 1 1 1 1 1 1 1 1 1 1 1 1 1 1 1 1 1 1 1 1 1 1 1 1 1 1 1 1 1 1 1 1 1 1 1 1 1 1 1 1 1 1 1 1 1 1 1 1 1 1 1 1 1 1 1 1 1 1 1 1 1 1 1 1 1 1 1 1 1 1 1 1 1 1 1 1 1 1 1 1 1 1 1 1 1 1 1 1 1 1 1 1 1 1 1 1 1 1 1 1 1 1 1 1 1 1 1 1 1 1 1 1 1 1 1 1 1 1 1 1 1 1 1 1 1 1 1 1 1 1 1 1 1 1 1 1 1 1 1 1 1 1 1 1 1 1 1 1 1 1 1 1 1 1 1 1 1 1 1 1 1 1 1 1 1 1 1 1 1 1 1 1 1 1 1 1 1 1 1 1 1 1 1 1 1 1 1 1 1 1 1 1 1 1 1 1 1 1 1 1 1 1 1 1 1 1 1 1 1 1 1 1 1 1 1 1 1 1 1 1 1 1 1 1 1 1 1 1 1 1 1 1 1 1 1 1 1 1 1 1 1 1 1 1 1 1 1 1 1 1 1 1 1 1 1 1 1 1 1 1 1 1 1 1 1 1 1 1 1 1 1 1 1 1 1 1 1 1 1 1 1 1 1 1 1 1 1 1 1 1 1 1 1 1 1 1 1 1 1 1 1 1 1 1 1 1 1 1 1 1 1 1 1 1 1 1 1 1 1 1 1 1 1 1 1 1 1 1 1 1 1 1 1 1 1 1 1 1 1 1 1 1 1 1 1 1 1 1 1 1 1 1 1 1 1 1 1 1 1 1 1 1 1 1 1 1 1 1 1 1 1 1 1 1 1 1 1 1 1 1 1 1 1 1 1 1 1 1 1 1 1 1 1 1 1 1 1 1 1 1 1 1 1 1 1 1 1 1 1 1 1 1 1 1 1 1 1 1 1 1 1 1 1 1 1 1 1 1 1 1 1 1 1 1 1 1 1 1 1 1 1 1 1 1 1 1 1 1 1 1 1 1 1 1 1 1 1 1 1 1 1 1 1 1 1 1 1 1 1 1 1 1 1 1 1 1 1 1 1 1 1 1 1 1 1 1 1 1 1 1 1 1 1 1 1 1 1 1 1 1 1 1 1 1 1 1 1 1 1 1 1 1 1 1 1 1 1 1 1 1 1 1 1 1 1 1 1 1 1 1 1 1 1 1 1 1 1 1 1 1 1 1 1 1 1 1 1 1 1 1 1 1 1 1 1 1 1 1 1 1 1 1 1 1 1 1 1 1 1 1 1 1 1 1 1 1 1 1 1 1 1 1 1 1 1 1 1 1 1 1 1 1 1 1 1 1 1 1 1 1 1 1 1 1 1 1 1 1 1 1 1 1 1 1 1 1 1 1 1 1 1 1 1 1 1 1 1 1 1 1 1 1 1 1 1 1 1 1 1 1 1 1 1 1 1 1 1 1 1 1 1 1 1 1 1 1 1 1 1 1 1 1 1 1 1 1 1 1 1 1 1 1 1 1 1 1 1 1 1 1 1 1 1 1 1 1 1 1 1 1 1 1 1 1 1 1 1 1 1 1 1 1 1 1 1 1 1 1 1 1 1 1 1 1 1 1 1 1 1 1 1 1 1 1 1 1 1 1 1 1 1 1 1 1 1 1 1 1 1 1 1 1 1 1 1 1 1 1 1 1 1 1 1 1 1 1 1 1 1 1 1 1 1 1 1 1 1 1 1 1 1 1 1 1 1 1 1 1 1 1 1 1 1 1 1 1 1 1 1 1 1 1 1 1 1 1 1 1 1 1 1 1 1 1 1 1 1 1 1 1 1 1 1 1 1 1 1 1 1 1 1 1 1 1 1 1 1 1 1 1 1 1 1 1 1 1 1 1 1 1 1 1 1 1 1 1 1 1 1 1 1 1 1 1 1 1 1 1 1 1 1 1 1 1 1 1 1 1 1 1 1 1 1 1 1 1 1 1 1 1 1 1 1 1 1 1 1 1 1 1 1 1 1 1 1 1 1 1 1 1 1 1 1 1 1 1 1 1 1 1 1 1 1 1 1 1 1 1 1 1 1 1 1 1 1 1 1 1 1 1 1 1 1 1 1 1 1 1 1 1 1 1 1 1 1 1 1 1 1 1 1 1 1 1 1 1 1 1 1 1 1 1 1 1 1 1 1 1 1 1 1 1 1 1 1 1 1 1 1 1 1 1 1 1 1 1 1 1 1 1 1 1 1 1 1 1 1 1 1 1 1 1 1 1 1 1 1 1 1 1 1 1 1 1 1 1 1 1 1 1 1 1 1 1 1 1 1 1 1 1 1 1 1 1 1 1 1 1 1 1 1 1 1 1 1 1 1 1 1 1 1 1 1 1 1 1 1 1 1 1 1 1 1 1 1 1 1 1 1 1 1 1 1 1 1 1 1 1 1 1 1 1 1 1 1 1 1 1 1 1 1 1 1 1 1 1 1 1 1 1 1 1 1 1 1 1 1 1 1 1 1 1 1 1 1 1 1 1 1 1 1 1 1 1 1 1 1 1 1 1 1 1 1 1 1 1 1 1 1 1 1 1 1 1 1 1 1 1 1 1 1 1 1 1 1 1 1 1 1 1 1 1 1 1 1 1 1 1 1 1 1 1 1 1 1 1 1 1 1 1 1 1 1 1 1 1 1 1 1 1 1 1 1 1 1 1 1 1 1 1 1 1 1 1 1 1 1 1 1 1 1 1 1 1 1 1 1 1 1 1 1 1 1 1 1 1 1 1 1 1 1 1 1 1 1 1 1 1 1 1 1 1 1 1 1 1 1 1 1 1 1 1 1 1 1 1 1 1 1 1 1 1 1 1 1 1 1 1 1 1 1 1 1 1 1 1 1 1 1 1 1 1 1 1 1 1 1 1 1 1 1 1 1 1 1 1 1 1 1 1 1 1 1 1 1 1 1 1 1 1 1 1 1 1 1 1 1 1 1 1 1 1 1 1 1 1 1 1 1 1 1 1 1 1 1 1 1 1 1 1 1 1 1 1 1 1 1 1 1 1 1 1 1 1 1 1 1 1 1 1 1 1 1 1 1 1 1 1 1 1 1 1 1 1 1 1 1 1 1 1 1 1 1 1 1 1 1 1 1 1 1 1 1 1 1 1 1 1 1 1 1 1 1 1 1 1 1 1 1 1 1 1 1 1 1 1 1 1 1 1 1 1 1 1 1 1 1 1 1 1 1 1 1 1 1 1 1 1 1 1 1 1 1 1 1 1 1 1 1 
share 8 1 1 1 1 1 1 1 1 1 1 1 1 1 1 1 1 
neil 4 1 1 1 1 1 1 1 1 
directed 4 1 1 1 1 1 1 1 1 
just 8 1 1 1 1 1 1 1 1 1 1 1 1 1 1 1 1 
can 24 1 1 1 1 1 1 1 1 1 1 1 1 1 1 1 1 1 1 1 1 1 1 1 1 1 1 1 1 1 1 1 1 1 1 1 1 1 1 1 1 1 1 1 1 1 1 1 1 
expulsion 4 1 1 1 1 1 1 1 1 
segfaulted 4 1 1 1 1 1 1 1 1 
am 8 1 1 1 1 1 1 1 1 1 1 1 1 1 1 1 1 
knowledge 8 1 1 1 1 1 1 1 1 1 1 1 1 1 1 1 1 
socket 16 1 1 1 1 1 1 1 1 1 1 1 1 1 1 1 1 1 1 1 1 1 1 1 1 1 1 1 1 1 1 1 1 
requires 4 1 1 1 1 1 1 1 1 
sheet 12 1 1 1 1 1 1 1 1 1 1 1 1 1 1 1 1 1 1 1 1 1 1 1 1 
thursday 12 1 1 1 1 1 1 1 1 1 1 1 1 1 1 1 1 1 1 1 1 1 1 1 1 
gain 8 1 1 1 1 1 1 1 1 1 1 1 1 1 1 1 1 
green 4 1 1 1 1 1 1 1 1 
when 16 1 1 1 1 1 1 1 1 1 1 1 1 1 1 1 1 1 1 1 1 1 1 1 1 1 1 1 1 1 1 1 1 
google 8 1 1 1 1 1 1 1 1 1 1 1 1 1 1 1 1 
new 4 1 1 1 1 1 1 1 1 
understand 4 1 1 1 1 1 1 1 1 
x 4 1 1 1 1 1 1 1 1 
lot 8 1 1 1 1 1 1 1 1 1 1 1 1 1 1 1 1 
similar 4 1 1 1 1 1 1 1 1 
goals 4 1 1 1 1 1 1 1 1 
integration 4 1 1 1 1 1 1 1 1 
fun 4 1 1 1 1 1 1 1 1 
material 4 1 1 1 1 1 1 1 1 
order 4 1 1 1 1 1 1 1 1 
subject 4 1 1 1 1 1 1 1 1 
arrangements 4 1 1 1 1 1 1 1 1 
online 4 1 1 1 1 1 1 1 1 
matthew 12 1 1 1 1 1 1 1 1 1 1 1 1 1 1 1 1 1 1 1 1 1 1 1 1 
ship 4 1 1 1 1 1 1 1 1 
i 36 1 1 1 1 1 1 1 1 1 1 1 1 1 1 1 1 1 1 1 1 1 1 1 1 1 1 1 1 1 1 1 1 1 1 1 1 1 1 1 1 1 1 1 1 1 1 1 1 1 1 1 1 1 1 1 1 1 1 1 1 1 1 1 1 1 1 1 1 1 1 1 1 
others 4 1 1 1 1 1 1 1 1 
teaching 4 1 1 1 1 1 1 1 1 
office 8 1 1 1 1 1 1 1 1 1 1 1 1 1 1 1 1 
raced 4 1 1 1 1 1 1 1 1 
laptop 4 1 1 1 1 1 1 1 1 
matter 4 1 1 1 1 1 1 1 1 
product 4 1 1 1 1 1 1 1 1 
love 4 1 1 1 1 1 1 1 1 
teamwork 4 1 1 1 1 1 1 1 1 
moral 4 1 1 1 1 1 1 1 1 
following 8 1 1 1 1 1 1 1 1 1 1 1 1 1 1 1 1 
five 4 1 1 1 1 1 1 1 1 
includes 4 1 1 1 1 1 1 1 1 
with 32 1 1 1 1 1 1 1 1 1 1 1 1 1 1 1 1 1 1 1 1 1 1 1 1 1 1 1 1 1 1 1 1 1 1 1 1 1 1 1 1 1 1 1 1 1 1 1 1 1 1 1 1 1 1 1 1 1 1 1 1 1 1 1 1 
above 4 1 1 1 1 1 1 1 1 
coding 8 1 1 1 1 1 1 1 1 1 1 1 1 1 1 1 1 
him 4 1 1 1 1 1 1 1 1 
query 4 1 1 1 1 1 1 1 1 
copters 4 1 1 1 1 1 1 1 1 
time 12 1 1 1 1 1 1 1 1 1 1 1 1 1 1 1 1 1 1 1 1 1 1 1 1 
nanocopters 24 1 1 1 1 1 1 1 1 1 1 1 1 1 1 1 1 1 1 1 1 1 1 1 1 1 1 1 1 1 1 1 1 1 1 1 1 1 1 1 1 1 1 1 1 1 1 1 1 
photo 4 1 1 1 1 1 1 1 1 
hackers 8 1 1 1 1 1 1 1 1 1 1 1 1 1 1 1 1 
dumps 4 1 1 1 1 1 1 1 1 
motion 12 1 1 1 1 1 1 1 1 1 1 1 1 1 1 1 1 1 1 1 1 1 1 1 1 
alone 4 1 1 1 1 1 1 1 1 
professional 4 1 1 1 1 1 1 1 1 
blackwood 8 1 1 1 1 1 1 1 1 1 1 1 1 1 1 1 1 
no 28 1 1 1 1 1 1 1 1 1 1 1 1 1 1 1 1 1 1 1 1 1 1 1 1 1 1 1 1 1 1 1 1 1 1 1 1 1 1 1 1 1 1 1 1 1 1 1 1 1 1 1 1 1 1 1 1 
run 12 1 1 1 1 1 1 1 1 1 1 1 1 1 1 1 1 1 1 1 1 1 1 1 1 
hacker 12 1 1 1 1 1 1 1 1 1 1 1 1 1 1 1 1 1 1 1 1 1 1 1 1 
edu 36 1 1 1 1 1 1 1 1 1 1 1 1 1 1 1 1 1 1 1 1 1 1 1 1 1 1 1 1 1 1 1 1 1 1 1 1 1 1 1 1 1 1 1 1 1 1 1 1 1 1 1 1 1 1 1 1 1 1 1 1 1 1 1 1 1 1 1 1 1 1 1 1 
under 4 1 1 1 1 1 1 1 1 
penalty 8 1 1 1 1 1 1 1 1 1 1 1 1 1 1 1 1 
exams 4 1 1 1 1 1 1 1 1 
take 16 1 1 1 1 1 1 1 1 1 1 1 1 1 1 1 1 1 1 1 1 1 1 1 1 1 1 1 1 1 1 1 1 
number 4 1 1 1 1 1 1 1 1 
including 4 1 1 1 1 1 1 1 1 
phase 8 1 1 1 1 1 1 1 1 1 1 1 1 1 1 1 1 
interested 4 1 1 1 1 1 1 1 1 
person 4 1 1 1 1 1 1 1 1 
honor 12 1 1 1 1 1 1 1 1 1 1 1 1 1 1 1 1 1 1 1 1 1 1 1 1 
would 20 1 1 1 1 1 1 1 1 1 1 1 1 1 1 1 1 1 1 1 1 1 1 1 1 1 1 1 1 1 1 1 1 1 1 1 1 1 1 1 1 
labs 44 1 1 1 1 1 1 1 1 1 1 1 1 1 1 1 1 1 1 1 1 1 1 1 1 1 1 1 1 1 1 1 1 1 1 1 1 1 1 1 1 1 1 1 1 1 1 1 1 1 1 1 1 1 1 1 1 1 1 1 1 1 1 1 1 1 1 1 1 1 1 1 1 1 1 1 1 1 1 1 1 1 1 1 1 1 1 1 1 
also 16 1 1 1 1 1 1 1 1 1 1 1 1 1 1 1 1 1 1 1 1 1 1 1 1 1 1 1 1 1 1 1 1 
tools 24 1 1 1 1 1 1 1 1 1 1 1 1 1 1 1 1 1 1 1 1 1 1 1 1 1 1 1 1 1 1 1 1 1 1 1 1 1 1 1 1 1 1 1 1 1 1 1 1 
lab 68 1 1 1 1 1 1 1 1 1 1 1 1 1 1 1 1 1 1 1 1 1 1 1 1 1 1 1 1 1 1 1 1 1 1 1 1 1 1 1 1 1 1 1 1 1 1 1 1 1 1 1 1 1 1 1 1 1 1 1 1 1 1 1 1 1 1 1 1 1 1 1 1 1 1 1 1 1 1 1 1 1 1 1 1 1 1 1 1 1 1 1 1 1 1 1 1 1 1 1 1 1 1 1 1 1 1 1 1 1 1 1 1 1 1 1 1 1 1 1 1 1 1 1 1 1 1 1 1 1 1 1 1 1 1 1 1 
incentive 4 1 1 1 1 1 1 1 1 
come 4 1 1 1 1 1 1 1 1 
taking 8 1 1 1 1 1 1 1 1 1 1 1 1 1 1 1 1 
made 8 1 1 1 1 1 1 1 1 1 1 1 1 1 1 1 1 
repository 4 1 1 1 1 1 1 1 1 
back 4 1 1 1 1 1 1 1 1 
left 8 1 1 1 1 1 1 1 1 1 1 1 1 1 1 1 1 
groups 4 1 1 1 1 1 1 1 1 
getting 4 1 1 1 1 1 1 1 1 
locked 12 1 1 1 1 1 1 1 1 1 1 1 1 1 1 1 1 1 1 1 1 1 1 1 1 
section 12 1 1 1 1 1 1 1 1 1 1 1 1 1 1 1 1 1 1 1 1 1 1 1 1 
up 20 1 1 1 1 1 1 1 1 1 1 1 1 1 1 1 1 1 1 1 1 1 1 1 1 1 1 1 1 1 1 1 1 1 1 1 1 1 1 1 1 
leaks 4 1 1 1 1 1 1 1 1 
rules 4 1 1 1 1 1 1 1 1 
stones 4 1 1 1 1 1 1 1 1 
beginning 4 1 1 1 1 1 1 1 1 
very 12 1 1 1 1 1 1 1 1 1 1 1 1 1 1 1 1 1 1 1 1 1 1 1 1 
emergencies 4 1 1 1 1 1 1 1 1 
activity 4 1 1 1 1 1 1 1 1 
summary 4 1 1 1 1 1 1 1 1 
gnu 8 1 1 1 1 1 1 1 1 1 1 1 1 1 1 1 1 
a 204 1 1 1 1 1 1 1 1 1 1 1 1 1 1 1 1 1 1 1 1 1 1 1 1 1 1 1 1 1 1 1 1 1 1 1 1 1 1 1 1 1 1 1 1 1 1 1 1 1 1 1 1 1 1 1 1 1 1 1 1 1 1 1 1 1 1 1 1 1 1 1 1 1 1 1 1 1 1 1 1 1 1 1 1 1 1 1 1 1 1 1 1 1 1 1 1 1 1 1 1 1 1 1 1 1 1 1 1 1 1 1 1 1 1 1 1 1 1 1 1 1 1 1 1 1 1 1 1 1 1 1 1 1 1 1 1 1 1 1 1 1 1 1 1 1 1 1 1 1 1 1 1 1 1 1 1 1 1 1 1 1 1 1 1 1 1 1 1 1 1 1 1 1 1 1 1 1 1 1 1 1 1 1 1 1 1 1 1 1 1 1 1 1 1 1 1 1 1 1 1 1 1 1 1 1 1 1 1 1 1 1 1 1 1 1 1 1 1 1 1 1 1 1 1 1 1 1 1 1 1 1 1 1 1 1 1 1 1 1 1 1 1 1 1 1 1 1 1 1 1 1 1 1 1 1 1 1 1 1 1 1 1 1 1 1 1 1 1 1 1 1 1 1 1 1 1 1 1 1 1 1 1 1 1 1 1 1 1 1 1 1 1 1 1 1 1 1 1 1 1 1 1 1 1 1 1 1 1 1 1 1 1 1 1 1 1 1 1 1 1 1 1 1 1 1 1 1 1 1 1 1 1 1 1 1 1 1 1 1 1 1 1 1 1 1 1 1 1 1 1 1 1 1 1 1 1 1 1 1 1 1 1 1 1 1 1 1 1 1 1 1 1 1 1 1 1 1 1 1 1 1 1 1 1 1 1 1 1 1 1 1 1 1 1 1 1 1 1 1 1 1 1 1 1 1 1 1 1 
culled 4 1 1 1 1 1 1 1 1 
snippets 8 1 1 1 1 1 1 1 1 1 1 1 1 1 1 1 1 
twenty 4 1 1 1 1 1 1 1 1 
family 4 1 1 1 1 1 1 1 1 
collaboration 4 1 1 1 1 1 1 1 1 
jonathan 8 1 1 1 1 1 1 1 1 1 1 1 1 1 1 1 1 
write 16 1 1 1 1 1 1 1 1 1 1 1 1 1 1 1 1 1 1 1 1 1 1 1 1 1 1 1 1 1 1 1 1 
requiring 4 1 1 1 1 1 1 1 1 
programs 8 1 1 1 1 1 1 1 1 1 1 1 1 1 1 1 1 
demo 12 1 1 1 1 1 1 1 1 1 1 1 1 1 1 1 1 1 1 1 1 1 1 1 1 
anything 4 1 1 1 1 1 1 1 1 
web 4 1 1 1 1 1 1 1 1 
sharing 8 1 1 1 1 1 1 1 1 1 1 1 1 1 1 1 1 
wesley 4 1 1 1 1 1 1 1 1 
stressed 4 1 1 1 1 1 1 1 1 
commands 12 1 1 1 1 1 1 1 1 1 1 1 1 1 1 1 1 1 1 1 1 1 1 1 1 
below 4 1 1 1 1 1 1 1 1 
complex 12 1 1 1 1 1 1 1 1 1 1 1 1 1 1 1 1 1 1 1 1 1 1 1 1 
debug 4 1 1 1 1 1 1 1 1 
organized 8 1 1 1 1 1 1 1 1 1 1 1 1 1 1 1 1 
so 20 1 1 1 1 1 1 1 1 1 1 1 1 1 1 1 1 1 1 1 1 1 1 1 1 1 1 1 1 1 1 1 1 1 1 1 1 1 1 1 1 
teaches 4 1 1 1 1 1 1 1 1 
friendly 4 1 1 1 1 1 1 1 1 
speak 4 1 1 1 1 1 1 1 1 
become 4 1 1 1 1 1 1 1 1 
necessary 12 1 1 1 1 1 1 1 1 1 1 1 1 1 1 1 1 1 1 1 1 1 1 1 1 
about 24 1 1 1 1 1 1 1 1 1 1 1 1 1 1 1 1 1 1 1 1 1 1 1 1 1 1 1 1 1 1 1 1 1 1 1 1 1 1 1 1 1 1 1 1 1 1 1 1 
that 60 1 1 1 1 1 1 1 1 1 1 1 1 1 1 1 1 1 1 1 1 1 1 1 1 1 1 1 1 1 1 1 1 1 1 1 1 1 1 1 1 1 1 1 1 1 1 1 1 1 1 1 1 1 1 1 1 1 1 1 1 1 1 1 1 1 1 1 1 1 1 1 1 1 1 1 1 1 1 1 1 1 1 1 1 1 1 1 1 1 1 1 1 1 1 1 1 1 1 1 1 1 1 1 1 1 1 1 1 1 1 1 1 1 1 1 1 1 1 1 1 
ask 4 1 1 1 1 1 1 1 1 
severe 4 1 1 1 1 1 1 1 1 
forty 4 1 1 1 1 1 1 1 1 
brief 4 1 1 1 1 1 1 1 1 
details 4 1 1 1 1 1 1 1 1 
ll 4 1 1 1 1 1 1 1 1 
you 200 1 1 1 1 1 1 1 1 1 1 1 1 1 1 1 1 1 1 1 1 1 1 1 1 1 1 1 1 1 1 1 1 1 1 1 1 1 1 1 1 1 1 1 1 1 1 1 1 1 1 1 1 1 1 1 1 1 1 1 1 1 1 1 1 1 1 1 1 1 1 1 1 1 1 1 1 1 1 1 1 1 1 1 1 1 1 1 1 1 1 1 1 1 1 1 1 1 1 1 1 1 1 1 1 1 1 1 1 1 1 1 1 1 1 1 1 1 1 1 1 1 1 1 1 1 1 1 1 1 1 1 1 1 1 1 1 1 1 1 1 1 1 1 1 1 1 1 1 1 1 1 1 1 1 1 1 1 1 1 1 1 1 1 1 1 1 1 1 1 1 1 1 1 1 1 1 1 1 1 1 1 1 1 1 1 1 1 1 1 1 1 1 1 1 1 1 1 1 1 1 1 1 1 1 1 1 1 1 1 1 1 1 1 1 1 1 1 1 1 1 1 1 1 1 1 1 1 1 1 1 1 1 1 1 1 1 1 1 1 1 1 1 1 1 1 1 1 1 1 1 1 1 1 1 1 1 1 1 1 1 1 1 1 1 1 1 1 1 1 1 1 1 1 1 1 1 1 1 1 1 1 1 1 1 1 1 1 1 1 1 1 1 1 1 1 1 1 1 1 1 1 1 1 1 1 1 1 1 1 1 1 1 1 1 1 1 1 1 1 1 1 1 1 1 1 1 1 1 1 1 1 1 1 1 1 1 1 1 1 1 1 1 1 1 1 1 1 1 1 1 1 1 1 1 1 1 1 1 1 1 1 1 1 1 1 1 1 1 1 1 1 1 1 1 1 1 1 1 1 1 1 1 1 1 1 1 1 1 1 1 1 1 1 1 1 1 1 1 1 1 
one 24 1 1 1 1 1 1 1 1 1 1 1 1 1 1 1 1 1 1 1 1 1 1 1 1 1 1 1 1 1 1 1 1 1 1 1 1 1 1 1 1 1 1 1 1 1 1 1 1 
previously 4 1 1 1 1 1 1 1 1 
jointly 12 1 1 1 1 1 1 1 1 1 1 1 1 1 1 1 1 1 1 1 1 1 1 1 1 
gary 4 1 1 1 1 1 1 1 1 
specific 4 1 1 1 1 1 1 1 1 
please 28 1 1 1 1 1 1 1 1 1 1 1 1 1 1 1 1 1 1 1 1 1 1 1 1 1 1 1 1 1 1 1 1 1 1 1 1 1 1 1 1 1 1 1 1 1 1 1 1 1 1 1 1 1 1 1 1 
process 8 1 1 1 1 1 1 1 1 1 1 1 1 1 1 1 1 
line 4 1 1 1 1 1 1 1 1 
eclipse 4 1 1 1 1 1 1 1 1 
tell 8 1 1 1 1 1 1 1 1 1 1 1 1 1 1 1 1 
based 4 1 1 1 1 1 1 1 1 
how 20 1 1 1 1 1 1 1 1 1 1 1 1 1 1 1 1 1 1 1 1 1 1 1 1 1 1 1 1 1 1 1 1 1 1 1 1 1 1 1 1 
easy 8 1 1 1 1 1 1 1 1 1 1 1 1 1 1 1 1 
mark 4 1 1 1 1 1 1 1 1 
against 12 1 1 1 1 1 1 1 1 1 1 1 1 1 1 1 1 1 1 1 1 1 1 1 1 
mindset 4 1 1 1 1 1 1 1 1 
warning 4 1 1 1 1 1 1 1 1 
help 16 1 1 1 1 1 1 1 1 1 1 1 1 1 1 1 1 1 1 1 1 1 1 1 1 1 1 1 1 1 1 1 1 
west 8 1 1 1 1 1 1 1 1 1 1 1 1 1 1 1 1 
should 8 1 1 1 1 1 1 1 1 1 1 1 1 1 1 1 1 
large 8 1 1 1 1 1 1 1 1 1 1 1 1 1 1 1 1 
building 4 1 1 1 1 1 1 1 1 
spirit 4 1 1 1 1 1 1 1 1 
preferred 4 1 1 1 1 1 1 1 1 
id 8 1 1 1 1 1 1 1 1 1 1 1 1 1 1 1 1 
assessed 4 1 1 1 1 1 1 1 1 
hours 48 1 1 1 1 1 1 1 1 1 1 1 1 1 1 1 1 1 1 1 1 1 1 1 1 1 1 1 1 1 1 1 1 1 1 1 1 1 1 1 1 1 1 1 1 1 1 1 1 1 1 1 1 1 1 1 1 1 1 1 1 1 1 1 1 1 1 1 1 1 1 1 1 1 1 1 1 1 1 1 1 1 1 1 1 1 1 1 1 1 1 1 1 1 1 1 1 
tiny 4 1 1 1 1 1 1 1 1 
server 4 1 1 1 1 1 1 1 1 
lectures 4 1 1 1 1 1 1 1 1 
leaders 8 1 1 1 1 1 1 1 1 1 1 1 1 1 1 1 1 
exciting 4 1 1 1 1 1 1 1 1 
eight 4 1 1 1 1 1 1 1 1 
all 40 1 1 1 1 1 1 1 1 1 1 1 1 1 1 1 1 1 1 1 1 1 1 1 1 1 1 1 1 1 1 1 1 1 1 1 1 1 1 1 1 1 1 1 1 1 1 1 1 1 1 1 1 1 1 1 1 1 1 1 1 1 1 1 1 1 1 1 1 1 1 1 1 1 1 1 1 1 1 1 1 
using 20 1 1 1 1 1 1 1 1 1 1 1 1 1 1 1 1 1 1 1 1 1 1 1 1 1 1 1 1 1 1 1 1 1 1 1 1 1 1 1 1 
use 16 1 1 1 1 1 1 1 1 1 1 1 1 1 1 1 1 1 1 1 1 1 1 1 1 1 1 1 1 1 1 1 1 
systems 16 1 1 1 1 1 1 1 1 1 1 1 1 1 1 1 1 1 1 1 1 1 1 1 1 1 1 1 1 1 1 1 1 
similarly 4 1 1 1 1 1 1 1 1 
lots 4 1 1 1 1 1 1 1 1 
kernighan 4 1 1 1 1 1 1 1 1 
other 24 1 1 1 1 1 1 1 1 1 1 1 1 1 1 1 1 1 1 1 1 1 1 1 1 1 1 1 1 1 1 1 1 1 1 1 1 1 1 1 1 1 1 1 1 1 1 1 1 
fanghao 4 1 1 1 1 1 1 1 1 
from 28 1 1 1 1 1 1 1 1 1 1 1 1 1 1 1 1 1 1 1 1 1 1 1 1 1 1 1 1 1 1 1 1 1 1 1 1 1 1 1 1 1 1 1 1 1 1 1 1 1 1 1 1 1 1 1 1 
clarity 4 1 1 1 1 1 1 1 1 
correctness 4 1 1 1 1 1 1 1 1 
saturday 8 1 1 1 1 1 1 1 1 1 1 1 1 1 1 1 1 
friday 16 1 1 1 1 1 1 1 1 1 1 1 1 1 1 1 1 1 1 1 1 1 1 1 1 1 1 1 1 1 1 1 1 
sudikoff 28 1 1 1 1 1 1 1 1 1 1 1 1 1 1 1 1 1 1 1 1 1 1 1 1 1 1 1 1 1 1 1 1 1 1 1 1 1 1 1 1 1 1 1 1 1 1 1 1 1 1 1 1 1 1 1 1 
before 4 1 1 1 1 1 1 1 1 
control 12 1 1 1 1 1 1 1 1 1 1 1 1 1 1 1 1 1 1 1 1 1 1 1 1 
competition 4 1 1 1 1 1 1 1 1 
warm 4 1 1 1 1 1 1 1 1 
gr 8 1 1 1 1 1 1 1 1 1 1 1 1 1 1 1 1 
launch 4 1 1 1 1 1 1 1 1 
they 4 1 1 1 1 1 1 1 1 
good 12 1 1 1 1 1 1 1 1 1 1 1 1 1 1 1 1 1 1 1 1 1 1 1 1 
score 12 1 1 1 1 1 1 1 1 1 1 1 1 1 1 1 1 1 1 1 1 1 1 1 1 
medical 4 1 1 1 1 1 1 1 1 
people 8 1 1 1 1 1 1 1 1 1 1 1 1 1 1 1 1 
optional 4 1 1 1 1 1 1 1 1 
kramer 8 1 1 1 1 1 1 1 1 1 1 1 1 1 1 1 1 
midterm 4 1 1 1 1 1 1 1 1 
starting 4 1 1 1 1 1 1 1 1 
millisecond 4 1 1 1 1 1 1 1 1 
amazed 4 1 1 1 1 1 1 1 1 
front 4 1 1 1 1 1 1 1 1 
approximately 4 1 1 1 1 1 1 1 1 
everything 4 1 1 1 1 1 1 1 1 
final 20 1 1 1 1 1 1 1 1 1 1 1 1 1 1 1 1 1 1 1 1 1 1 1 1 1 1 1 1 1 1 1 1 1 1 1 1 1 1 1 1 
reflect 4 1 1 1 1 1 1 1 1 
more 16 1 1 1 1 1 1 1 1 1 1 1 1 1 1 1 1 1 1 1 1 1 1 1 1 1 1 1 1 1 1 1 1 
die 8 1 1 1 1 1 1 1 1 1 1 1 1 1 1 1 1 
appropriate 4 1 1 1 1 1 1 1 1 
member 4 1 1 1 1 1 1 1 1 
crash 4 1 1 1 1 1 1 1 1 
main 4 1 1 1 1 1 1 1 1 
learn 12 1 1 1 1 1 1 1 1 1 1 1 1 1 1 1 1 1 1 1 1 1 1 1 1 
student 8 1 1 1 1 1 1 1 1 1 1 1 1 1 1 1 1 
cvs 4 1 1 1 1 1 1 1 1 
things 4 1 1 1 1 1 1 1 1 
weekday 4 1 1 1 1 1 1 1 1 
behind 4 1 1 1 1 1 1 1 1 
given 4 1 1 1 1 1 1 1 1 
laboratory 12 1 1 1 1 1 1 1 1 1 1 1 1 1 1 1 1 1 1 1 1 1 1 1 1 
understandable 4 1 1 1 1 1 1 1 1 
effort 4 1 1 1 1 1 1 1 1 
white 8 1 1 1 1 1 1 1 1 1 1 1 1 1 1 1 1 
multi 4 1 1 1 1 1 1 1 1 
confidence 4 1 1 1 1 1 1 1 1 
revision 8 1 1 1 1 1 1 1 1 1 1 1 1 1 1 1 1 
p 8 1 1 1 1 1 1 1 1 1 1 1 1 1 1 1 1 
piazza 4 1 1 1 1 1 1 1 1 
make 16 1 1 1 1 1 1 1 1 1 1 1 1 1 1 1 1 1 1 1 1 1 1 1 1 1 1 1 1 1 1 1 1 
reinforced 4 1 1 1 1 1 1 1 1 
richard 4 1 1 1 1 1 1 1 1 
monday 8 1 1 1 1 1 1 1 1 1 1 1 1 1 1 1 1 
threads 8 1 1 1 1 1 1 1 1 1 1 1 1 1 1 1 1 
free 16 1 1 1 1 1 1 1 1 1 1 1 1 1 1 1 1 1 1 1 1 1 1 1 1 1 1 1 1 1 1 1 1 
what 12 1 1 1 1 1 1 1 1 1 1 1 1 1 1 1 1 1 1 1 1 1 1 1 1 
between 8 1 1 1 1 1 1 1 1 1 1 1 1 1 1 1 1 
obtain 4 1 1 1 1 1 1 1 1 
progress 4 1 1 1 1 1 1 1 1 
being 4 1 1 1 1 1 1 1 1 
pm 44 1 1 1 1 1 1 1 1 1 1 1 1 1 1 1 1 1 1 1 1 1 1 1 1 1 1 1 1 1 1 1 1 1 1 1 1 1 1 1 1 1 1 1 1 1 1 1 1 1 1 1 1 1 1 1 1 1 1 1 1 1 1 1 1 1 1 1 1 1 1 1 1 1 1 1 1 1 1 1 1 1 1 1 1 1 1 1 1 
wednesday 4 1 1 1 1 1 1 1 1 
nacocopter 4 1 1 1 1 1 1 1 1 
contoller 4 1 1 1 1 1 1 1 1 
program 12 1 1 1 1 1 1 1 1 1 1 1 1 1 1 1 1 1 1 1 1 1 1 1 1 
reliable 4 1 1 1 1 1 1 1 1 
clear 8 1 1 1 1 1 1 1 1 1 1 1 1 1 1 1 1 
well 4 1 1 1 1 1 1 1 1 
develop 8 1 1 1 1 1 1 1 1 1 1 1 1 1 1 1 1 
svn 4 1 1 1 1 1 1 1 1 
submit 4 1 1 1 1 1 1 1 1 
grade 44 1 1 1 1 1 1 1 1 1 1 1 1 1 1 1 1 1 1 1 1 1 1 1 1 1 1 1 1 1 1 1 1 1 1 1 1 1 1 1 1 1 1 1 1 1 1 1 1 1 1 1 1 1 1 1 1 1 1 1 1 1 1 1 1 1 1 1 1 1 1 1 1 1 1 1 1 1 1 1 1 1 1 1 1 1 1 1 1 
figure 8 1 1 1 1 1 1 1 1 1 1 1 1 1 1 1 1 
implement 12 1 1 1 1 1 1 1 1 1 1 1 1 1 1 1 1 1 1 1 1 1 1 1 1 
part 28 1 1 1 1 1 1 1 1 1 1 1 1 1 1 1 1 1 1 1 1 1 1 1 1 1 1 1 1 1 1 1 1 1 1 1 1 1 1 1 1 1 1 1 1 1 1 1 1 1 1 1 1 1 1 1 1 
mehling 4 1 1 1 1 1 1 1 1 
explicit 4 1 1 1 1 1 1 1 1 
show 8 1 1 1 1 1 1 1 1 1 1 1 1 1 1 1 1 
work 28 1 1 1 1 1 1 1 1 1 1 1 1 1 1 1 1 1 1 1 1 1 1 1 1 1 1 1 1 1 1 1 1 1 1 1 1 1 1 1 1 1 1 1 1 1 1 1 1 1 1 1 1 1 1 1 1 
scripts 8 1 1 1 1 1 1 1 1 1 1 1 1 1 1 1 1 
grasp 4 1 1 1 1 1 1 1 1 
disabilities 4 1 1 1 1 1 1 1 1 
paradigms 4 1 1 1 1 1 1 1 1 
three 4 1 1 1 1 1 1 1 1 
promote 8 1 1 1 1 1 1 1 1 1 1 1 1 1 1 1 1 
memory 4 1 1 1 1 1 1 1 1 
down 4 1 1 1 1 1 1 1 1 
know 8 1 1 1 1 1 1 1 1 1 1 1 1 1 1 1 1 
solve 4 1 1 1 1 1 1 1 1 
manner 4 1 1 1 1 1 1 1 1 
pike 4 1 1 1 1 1 1 1 1 
learning 4 1 1 1 1 1 1 1 1 
embedded 20 1 1 1 1 1 1 1 1 1 1 1 1 1 1 1 1 1 1 1 1 1 1 1 1 1 1 1 1 1 1 1 1 1 1 1 1 1 1 1 1 
team 28 1 1 1 1 1 1 1 1 1 1 1 1 1 1 1 1 1 1 1 1 1 1 1 1 1 1 1 1 1 1 1 1 1 1 1 1 1 1 1 1 1 1 1 1 1 1 1 1 1 1 1 1 1 1 1 1 
is 96 1 1 1 1 1 1 1 1 1 1 1 1 1 1 1 1 1 1 1 1 1 1 1 1 1 1 1 1 1 1 1 1 1 1 1 1 1 1 1 1 1 1 1 1 1 1 1 1 1 1 1 1 1 1 1 1 1 1 1 1 1 1 1 1 1 1 1 1 1 1 1 1 1 1 1 1 1 1 1 1 1 1 1 1 1 1 1 1 1 1 1 1 1 1 1 1 1 1 1 1 1 1 1 1 1 1 1 1 1 1 1 1 1 1 1 1 1 1 1 1 1 1 1 1 1 1 1 1 1 1 1 1 1 1 1 1 1 1 1 1 1 1 1 1 1 1 1 1 1 1 1 1 1 1 1 1 1 1 1 1 1 1 1 1 1 1 1 1 1 1 1 1 1 1 1 1 1 1 1 1 1 1 1 1 1 1 1 1 1 1 1 1 
text 4 1 1 1 1 1 1 1 1 
were 4 1 1 1 1 1 1 1 1 
ten 4 1 1 1 1 1 1 1 1 
b 4 1 1 1 1 1 1 1 1 
gt 16 1 1 1 1 1 1 1 1 1 1 1 1 1 1 1 1 1 1 1 1 1 1 1 1 1 1 1 1 1 1 1 1 
jun 8 1 1 1 1 1 1 1 1 1 1 1 1 1 1 1 1 
see 16 1 1 1 1 1 1 1 1 1 1 1 1 1 1 1 1 1 1 1 1 1 1 1 1 1 1 1 1 1 1 1 1 
robot 4 1 1 1 1 1 1 1 1 
seriously 4 1 1 1 1 1 1 1 1 
recommend 16 1 1 1 1 1 1 1 1 1 1 1 1 1 1 1 1 1 1 1 1 1 1 1 1 1 1 1 1 1 1 1 1 
book 32 1 1 1 1 1 1 1 1 1 1 1 1 1 1 1 1 1 1 1 1 1 1 1 1 1 1 1 1 1 1 1 1 1 1 1 1 1 1 1 1 1 1 1 1 1 1 1 1 1 1 1 1 1 1 1 1 1 1 1 1 1 1 1 1 
feel 4 1 1 1 1 1 1 1 1 
demanding 4 1 1 1 1 1 1 1 1 
passes 12 1 1 1 1 1 1 1 1 1 1 1 1 1 1 1 1 1 1 1 1 1 1 1 1 
public 4 1 1 1 1 1 1 1 1 
had 4 1 1 1 1 1 1 1 1 
happy 4 1 1 1 1 1 1 1 1 
automatically 4 1 1 1 1 1 1 1 1 
tight 4 1 1 1 1 1 1 1 1 
each 12 1 1 1 1 1 1 1 1 1 1 1 1 1 1 1 1 1 1 1 1 1 1 1 1 
script 4 1 1 1 1 1 1 1 1 
right 4 1 1 1 1 1 1 1 1 
hope 4 1 1 1 1 1 1 1 1 
cheating 4 1 1 1 1 1 1 1 1 
responsible 4 1 1 1 1 1 1 1 1 
only 4 1 1 1 1 1 1 1 1 
represents 4 1 1 1 1 1 1 1 1 
two 12 1 1 1 1 1 1 1 1 1 1 1 1 1 1 1 1 1 1 1 1 1 1 1 1 
as 40 1 1 1 1 1 1 1 1 1 1 1 1 1 1 1 1 1 1 1 1 1 1 1 1 1 1 1 1 1 1 1 1 1 1 1 1 1 1 1 1 1 1 1 1 1 1 1 1 1 1 1 1 1 1 1 1 1 1 1 1 1 1 1 1 1 1 1 1 1 1 1 1 1 1 1 1 1 1 1 1 
winter 4 1 1 1 1 1 1 1 1 
life 4 1 1 1 1 1 1 1 1 
simple 8 1 1 1 1 1 1 1 1 1 1 1 1 1 1 1 1 
desk 4 1 1 1 1 1 1 1 1 
finish 4 1 1 1 1 1 1 1 1 
have 32 1 1 1 1 1 1 1 1 1 1 1 1 1 1 1 1 1 1 1 1 1 1 1 1 1 1 1 1 1 1 1 1 1 1 1 1 1 1 1 1 1 1 1 1 1 1 1 1 1 1 1 1 1 1 1 1 1 1 1 1 1 1 1 1 
series 8 1 1 1 1 1 1 1 1 1 1 1 1 1 1 1 1 
at 24 1 1 1 1 1 1 1 1 1 1 1 1 1 1 1 1 1 1 1 1 1 1 1 1 1 1 1 1 1 1 1 1 1 1 1 1 1 1 1 1 1 1 1 1 1 1 1 1 
abstraction 4 1 1 1 1 1 1 1 1 
remaining 4 1 1 1 1 1 1 1 1 
started 4 1 1 1 1 1 1 1 1 
type 4 1 1 1 1 1 1 1 1 
brian 4 1 1 1 1 1 1 1 1 
weekdays 4 1 1 1 1 1 1 1 1 
money 4 1 1 1 1 1 1 1 1 
gcc 4 1 1 1 1 1 1 1 1 
myself 4 1 1 1 1 1 1 1 1 
too 4 1 1 1 1 1 1 1 1 
particularly 4 1 1 1 1 1 1 1 1 
practice 4 1 1 1 1 1 1 1 1 
asked 4 1 1 1 1 1 1 1 1 
industry 8 1 1 1 1 1 1 1 1 1 1 1 1 1 1 1 1 
techniques 8 1 1 1 1 1 1 1 1 1 1 1 1 1 1 1 1 
suspension 4 1 1 1 1 1 1 1 1 
buy 8 1 1 1 1 1 1 1 1 1 1 1 1 1 1 1 1 
review 16 1 1 1 1 1 1 1 1 1 1 1 1 1 1 1 1 1 1 1 1 1 1 1 1 1 1 1 1 1 1 1 1 
scale 4 1 1 1 1 1 1 1 1 
really 12 1 1 1 1 1 1 1 1 1 1 1 1 1 1 1 1 1 1 1 1 1 1 1 1 
the 456 1 1 1 1 1 1 1 1 1 1 1 1 1 1 1 1 1 1 1 1 1 1 1 1 1 1 1 1 1 1 1 1 1 1 1 1 1 1 1 1 1 1 1 1 1 1 1 1 1 1 1 1 1 1 1 1 1 1 1 1 1 1 1 1 1 1 1 1 1 1 1 1 1 1 1 1 1 1 1 1 1 1 1 1 1 1 1 1 1 1 1 1 1 1 1 1 1 1 1 1 1 1 1 1 1 1 1 1 1 1 1 1 1 1 1 1 1 1 1 1 1 1 1 1 1 1 1 1 1 1 1 1 1 1 1 1 1 1 1 1 1 1 1 1 1 1 1 1 1 1 1 1 1 1 1 1 1 1 1 1 1 1 1 1 1 1 1 1 1 1 1 1 1 1 1 1 1 1 1 1 1 1 1 1 1 1 1 1 1 1 1 1 1 1 1 1 1 1 1 1 1 1 1 1 1 1 1 1 1 1 1 1 1 1 1 1 1 1 1 1 1 1 1 1 1 1 1 1 1 1 1 1 1 1 1 1 1 1 1 1 1 1 1 1 1 1 1 1 1 1 1 1 1 1 1 1 1 1 1 1 1 1 1 1 1 1 1 1 1 1 1 1 1 1 1 1 1 1 1 1 1 1 1 1 1 1 1 1 1 1 1 1 1 1 1 1 1 1 1 1 1 1 1 1 1 1 1 1 1 1 1 1 1 1 1 1 1 1 1 1 1 1 1 1 1 1 1 1 1 1 1 1 1 1 1 1 1 1 1 1 1 1 1 1 1 1 1 1 1 1 1 1 1 1 1 1 1 1 1 1 1 1 1 1 1 1 1 1 1 1 1 1 1 1 1 1 1 1 1 1 1 1 1 1 1 1 1 1 1 1 1 1 1 1 1 1 1 1 1 1 1 1 1 1 1 1 1 1 1 1 1 1 1 1 1 1 1 1 1 1 1 1 1 1 1 1 1 1 1 1 1 1 1 1 1 1 1 1 1 1 1 1 1 1 1 1 1 1 1 1 1 1 1 1 1 1 1 1 1 1 1 1 1 1 1 1 1 1 1 1 1 1 1 1 1 1 1 1 1 1 1 1 1 1 1 1 1 1 1 1 1 1 1 1 1 1 1 1 1 1 1 1 1 1 1 1 1 1 1 1 1 1 1 1 1 1 1 1 1 1 1 1 1 1 1 1 1 1 1 1 1 1 1 1 1 1 1 1 1 1 1 1 1 1 1 1 1 1 1 1 1 1 1 1 1 1 1 1 1 1 1 1 1 1 1 1 1 1 1 1 1 1 1 1 1 1 1 1 1 1 1 1 1 1 1 1 1 1 1 1 1 1 1 1 1 1 1 1 1 1 1 1 1 1 1 1 1 1 1 1 1 1 1 1 1 1 1 1 1 1 1 1 1 1 1 1 1 1 1 1 1 1 1 1 1 1 1 1 1 1 1 1 1 1 1 1 1 1 1 1 1 1 1 1 1 1 1 1 1 1 1 1 1 1 1 1 1 1 1 1 1 1 1 1 1 1 1 1 1 1 1 1 1 1 1 1 1 1 1 1 1 1 1 1 1 1 1 1 1 1 1 1 1 1 1 1 1 1 1 1 1 1 1 1 1 1 1 1 1 1 1 1 1 1 1 1 1 1 1 1 1 1 1 1 1 1 1 1 1 1 1 1 1 1 1 1 1 1 1 1 1 1 1 1 1 1 1 1 1 1 1 1 1 1 1 1 1 1 1 1 1 1 1 1 1 1 1 1 1 1 1 1 1 1 1 1 1 1 1 1 1 1 1 1 1 1 1 1 1 1 1 1 1 1 1 1 1 1 1 1 1 1 1 1 1 1 1 1 1 1 1 1 1 1 1 1 1 1 1 1 1 1 1 1 1 1 1 1 1 1 1 1 1 1 1 1 1 1 1 1 1 1 1 1 1 1 1 1 1 1 1 1 1 1 1 1 1 1 1 1 1 1 1 1 1 1 1 1 1 1 1 1 1 1 1 1 1 1 1 1 1 1 1 1 1 1 1 1 1 1 1 1 1 1 1 1 1 1 1 1 1 1 
resources 4 1 1 1 1 1 1 1 1 
different 4 1 1 1 1 1 1 1 1 
tinyserarch 4 1 1 1 1 1 1 1 1 
lines 12 1 1 1 1 1 1 1 1 1 1 1 1 1 1 1 1 1 1 1 1 1 1 1 1 
some 8 1 1 1 1 1 1 1 1 1 1 1 1 1 1 1 1 
amount 4 1 1 1 1 1 1 1 1 
search 4 1 1 1 1 1 1 1 1 
maintainable 4 1 1 1 1 1 1 1 1 
class 24 1 1 1 1 1 1 1 1 1 1 1 1 1 1 1 1 1 1 1 1 1 1 1 1 1 1 1 1 1 1 1 1 1 1 1 1 1 1 1 1 1 1 1 1 1 1 1 1 
software 48 1 1 1 1 1 1 1 1 1 1 1 1 1 1 1 1 1 1 1 1 1 1 1 1 1 1 1 1 1 1 1 1 1 1 1 1 1 1 1 1 1 1 1 1 1 1 1 1 1 1 1 1 1 1 1 1 1 1 1 1 1 1 1 1 1 1 1 1 1 1 1 1 1 1 1 1 1 1 1 1 1 1 1 1 1 1 1 1 1 1 1 1 1 1 1 1 
www 4 1 1 1 1 1 1 1 1 
caters 4 1 1 1 1 1 1 1 1 
even 8 1 1 1 1 1 1 1 1 1 1 1 1 1 1 1 1 
graded 12 1 1 1 1 1 1 1 1 1 1 1 1 1 1 1 1 1 1 1 1 1 1 1 1 
engine 12 1 1 1 1 1 1 1 1 1 1 1 1 1 1 1 1 1 1 1 1 1 1 1 1 
concepts 4 1 1 1 1 1 1 1 1 
nice 4 1 1 1 1 1 1 1 1 
sign 4 1 1 1 1 1 1 1 1 
communication 4 1 1 1 1 1 1 1 1 
if 48 1 1 1 1 1 1 1 1 1 1 1 1 1 1 1 1 1 1 1 1 1 1 1 1 1 1 1 1 1 1 1 1 1 1 1 1 1 1 1 1 1 1 1 1 1 1 1 1 1 1 1 1 1 1 1 1 1 1 1 1 1 1 1 1 1 1 1 1 1 1 1 1 1 1 1 1 1 1 1 1 1 1 1 1 1 1 1 1 1 1 1 1 1 1 1 1 
devices 4 1 1 1 1 1 1 1 1 
note 20 1 1 1 1 1 1 1 1 1 1 1 1 1 1 1 1 1 1 1 1 1 1 1 1 1 1 1 1 1 1 1 1 1 1 1 1 1 1 1 1 
gdb 4 1 1 1 1 1 1 1 1 
guide 4 1 1 1 1 1 1 1 1 
ahead 4 1 1 1 1 1 1 1 1 
l 16 1 1 1 1 1 1 1 1 1 1 1 1 1 1 1 1 1 1 1 1 1 1 1 1 1 1 1 1 1 1 1 1 
working 8 1 1 1 1 1 1 1 1 1 1 1 1 1 1 1 1 
late 32 1 1 1 1 1 1 1 1 1 1 1 1 1 1 1 1 1 1 1 1 1 1 1 1 1 1 1 1 1 1 1 1 1 1 1 1 1 1 1 1 1 1 1 1 1 1 1 1 1 1 1 1 1 1 1 1 1 1 1 1 1 1 1 1 
integrated 4 1 1 1 1 1 1 1 1 
are 104 1 1 1 1 1 1 1 1 1 1 1 1 1 1 1 1 1 1 1 1 1 1 1 1 1 1 1 1 1 1 1 1 1 1 1 1 1 1 1 1 1 1 1 1 1 1 1 1 1 1 1 1 1 1 1 1 1 1 1 1 1 1 1 1 1 1 1 1 1 1 1 1 1 1 1 1 1 1 1 1 1 1 1 1 1 1 1 1 1 1 1 1 1 1 1 1 1 1 1 1 1 1 1 1 1 1 1 1 1 1 1 1 1 1 1 1 1 1 1 1 1 1 1 1 1 1 1 1 1 1 1 1 1 1 1 1 1 1 1 1 1 1 1 1 1 1 1 1 1 1 1 1 1 1 1 1 1 1 1 1 1 1 1 1 1 1 1 1 1 1 1 1 1 1 1 1 1 1 1 1 1 1 1 1 1 1 1 1 1 1 1 1 1 1 1 1 1 1 1 1 1 1 1 1 1 1 1 1 
might 4 1 1 1 1 1 1 1 1 
machines 4 1 1 1 1 1 1 1 1 
stop 4 1 1 1 1 1 1 1 1 
turned 4 1 1 1 1 1 1 1 1 
undergrad 4 1 1 1 1 1 1 1 1 
event 4 1 1 1 1 1 1 1 1 
breaks 4 1 1 1 1 1 1 1 1 
major 4 1 1 1 1 1 1 1 1 
joseph 4 1 1 1 1 1 1 1 1 
takes 4 1 1 1 1 1 1 1 1 
extended 4 1 1 1 1 1 1 1 1 
doors 12 1 1 1 1 1 1 1 1 1 1 1 1 1 1 1 1 1 1 1 1 1 1 1 1 
access 28 1 1 1 1 1 1 1 1 1 1 1 1 1 1 1 1 1 1 1 1 1 1 1 1 1 1 1 1 1 1 1 1 1 1 1 1 1 1 1 1 1 1 1 1 1 1 1 1 1 1 1 1 1 1 1 1 
assessment 4 1 1 1 1 1 1 1 1 
easier 4 1 1 1 1 1 1 1 1 
job 4 1 1 1 1 1 1 1 1 
syllabus 4 1 1 1 1 1 1 1 1 
code 96 1 1 1 1 1 1 1 1 1 1 1 1 1 1 1 1 1 1 1 1 1 1 1 1 1 1 1 1 1 1 1 1 1 1 1 1 1 1 1 1 1 1 1 1 1 1 1 1 1 1 1 1 1 1 1 1 1 1 1 1 1 1 1 1 1 1 1 1 1 1 1 1 1 1 1 1 1 1 1 1 1 1 1 1 1 1 1 1 1 1 1 1 1 1 1 1 1 1 1 1 1 1 1 1 1 1 1 1 1 1 1 1 1 1 1 1 1 1 1 1 1 1 1 1 1 1 1 1 1 1 1 1 1 1 1 1 1 1 1 1 1 1 1 1 1 1 1 1 1 1 1 1 1 1 1 1 1 1 1 1 1 1 1 1 1 1 1 1 1 1 1 1 1 1 1 1 1 1 1 1 1 1 1 1 1 1 1 1 1 1 1 1 
coffee 4 1 1 1 1 1 1 1 1 
here 8 1 1 1 1 1 1 1 1 1 1 1 1 1 1 1 1 
exterior 4 1 1 1 1 1 1 1 1 
signed 4 1 1 1 1 1 1 1 1 
there 28 1 1 1 1 1 1 1 1 1 1 1 1 1 1 1 1 1 1 1 1 1 1 1 1 1 1 1 1 1 1 1 1 1 1 1 1 1 1 1 1 1 1 1 1 1 1 1 1 1 1 1 1 1 1 1 1 
gestures 4 1 1 1 1 1 1 1 1 
hesitate 4 1 1 1 1 1 1 1 1 
board 8 1 1 1 1 1 1 1 1 1 1 1 1 1 1 1 1 
practical 4 1 1 1 1 1 1 1 1 
habits 4 1 1 1 1 1 1 1 1 
done 8 1 1 1 1 1 1 1 1 1 1 1 1 1 1 1 1 
need 16 1 1 1 1 1 1 1 1 1 1 1 1 1 1 1 1 1 1 1 1 1 1 1 1 1 1 1 1 1 1 1 1 
around 4 1 1 1 1 1 1 1 1 
leap 12 1 1 1 1 1 1 1 1 1 1 1 1 1 1 1 1 1 1 1 1 1 1 1 1 
debugging 16 1 1 1 1 1 1 1 1 1 1 1 1 1 1 1 1 1 1 1 1 1 1 1 1 1 1 1 1 1 1 1 1 
computer 16 1 1 1 1 1 1 1 1 1 1 1 1 1 1 1 1 1 1 1 1 1 1 1 1 1 1 1 1 1 1 1 1 
important 4 1 1 1 1 1 1 1 1 
challenging 8 1 1 1 1 1 1 1 1 1 1 1 1 1 1 1 1 
linux 28 1 1 1 1 1 1 1 1 1 1 1 1 1 1 1 1 1 1 1 1 1 1 1 1 1 1 1 1 1 1 1 1 1 1 1 1 1 1 1 1 1 1 1 1 1 1 1 1 1 1 1 1 1 1 1 1 
state 4 1 1 1 1 1 1 1 1 
th 4 1 1 1 1 1 1 1 1 
joint 24 1 1 1 1 1 1 1 1 1 1 1 1 1 1 1 1 1 1 1 1 1 1 1 1 1 1 1 1 1 1 1 1 1 1 1 1 1 1 1 1 1 1 1 1 1 1 1 1 
where 12 1 1 1 1 1 1 1 1 1 1 1 1 1 1 1 1 1 1 1 1 1 1 1 1 
will 124 1 1 1 1 1 1 1 1 1 1 1 1 1 1 1 1 1 1 1 1 1 1 1 1 1 1 1 1 1 1 1 1 1 1 1 1 1 1 1 1 1 1 1 1 1 1 1 1 1 1 1 1 1 1 1 1 1 1 1 1 1 1 1 1 1 1 1 1 1 1 1 1 1 1 1 1 1 1 1 1 1 1 1 1 1 1 1 1 1 1 1 1 1 1 1 1 1 1 1 1 1 1 1 1 1 1 1 1 1 1 1 1 1 1 1 1 1 1 1 1 1 1 1 1 1 1 1 1 1 1 1 1 1 1 1 1 1 1 1 1 1 1 1 1 1 1 1 1 1 1 1 1 1 1 1 1 1 1 1 1 1 1 1 1 1 1 1 1 1 1 1 1 1 1 1 1 1 1 1 1 1 1 1 1 1 1 1 1 1 1 1 1 1 1 1 1 1 1 1 1 1 1 1 1 1 1 1 1 1 1 1 1 1 1 1 1 1 1 1 1 1 1 1 1 1 1 1 1 1 1 1 1 1 1 1 1 1 1 1 1 1 1 1 1 1 1 1 1 
compare 4 1 1 1 1 1 1 1 1 
essence 4 1 1 1 1 1 1 1 1 
discuss 12 1 1 1 1 1 1 1 1 1 1 1 1 1 1 1 1 1 1 1 1 1 1 1 1 
them 4 1 1 1 1 1 1 1 1 
form 4 1 1 1 1 1 1 1 1 
solution 4 1 1 1 1 1 1 1 1 
indexer 4 1 1 1 1 1 1 1 1 
e 16 1 1 1 1 1 1 1 1 1 1 1 1 1 1 1 1 1 1 1 1 1 1 1 1 1 1 1 1 1 1 1 1 
significant 12 1 1 1 1 1 1 1 1 1 1 1 1 1 1 1 1 1 1 1 1 1 1 1 1 
sets 4 1 1 1 1 1 1 1 1 
hands 4 1 1 1 1 1 1 1 1 
policies 4 1 1 1 1 1 1 1 1 
solutions 16 1 1 1 1 1 1 1 1 1 1 1 1 1 1 1 1 1 1 1 1 1 1 1 1 1 1 1 1 1 1 1 1 
designed 4 1 1 1 1 1 1 1 1 
fired 4 1 1 1 1 1 1 1 1 
copter 4 1 1 1 1 1 1 1 1 
into 16 1 1 1 1 1 1 1 1 1 1 1 1 1 1 1 1 1 1 1 1 1 1 1 1 1 1 1 1 1 1 1 1 
filters 4 1 1 1 1 1 1 1 1 
regarding 8 1 1 1 1 1 1 1 1 1 1 1 1 1 1 1 1 
still 4 1 1 1 1 1 1 1 1 
or 60 1 1 1 1 1 1 1 1 1 1 1 1 1 1 1 1 1 1 1 1 1 1 1 1 1 1 1 1 1 1 1 1 1 1 1 1 1 1 1 1 1 1 1 1 1 1 1 1 1 1 1 1 1 1 1 1 1 1 1 1 1 1 1 1 1 1 1 1 1 1 1 1 1 1 1 1 1 1 1 1 1 1 1 1 1 1 1 1 1 1 1 1 1 1 1 1 1 1 1 1 1 1 1 1 1 1 1 1 1 1 1 1 1 1 1 1 1 1 1 1 
citation 4 1 1 1 1 1 1 1 1 
hate 4 1 1 1 1 1 1 1 1 
another 4 1 1 1 1 1 1 1 1 
week 4 1 1 1 1 1 1 1 1 
anyone 4 1 1 1 1 1 1 1 1 
key 8 1 1 1 1 1 1 1 1 1 1 1 1 1 1 1 1 
gprofile 4 1 1 1 1 1 1 1 1 
schedule 20 1 1 1 1 1 1 1 1 1 1 1 1 1 1 1 1 1 1 1 1 1 1 1 1 1 1 1 1 1 1 1 1 1 1 1 1 1 1 1 1 
individually 4 1 1 1 1 1 1 1 1 
shown 4 1 1 1 1 1 1 1 1 
weekly 4 1 1 1 1 1 1 1 1 
library 4 1 1 1 1 1 1 1 1 
simplicity 4 1 1 1 1 1 1 1 1 
but 36 1 1 1 1 1 1 1 1 1 1 1 1 1 1 1 1 1 1 1 1 1 1 1 1 1 1 1 1 1 1 1 1 1 1 1 1 1 1 1 1 1 1 1 1 1 1 1 1 1 1 1 1 1 1 1 1 1 1 1 1 1 1 1 1 1 1 1 1 1 1 1 1 
shell 36 1 1 1 1 1 1 1 1 1 1 1 1 1 1 1 1 1 1 1 1 1 1 1 1 1 1 1 1 1 1 1 1 1 1 1 1 1 1 1 1 1 1 1 1 1 1 1 1 1 1 1 1 1 1 1 1 1 1 1 1 1 1 1 1 1 1 1 1 1 1 1 1 
programming 124 1 1 1 1 1 1 1 1 1 1 1 1 1 1 1 1 1 1 1 1 1 1 1 1 1 1 1 1 1 1 1 1 1 1 1 1 1 1 1 1 1 1 1 1 1 1 1 1 1 1 1 1 1 1 1 1 1 1 1 1 1 1 1 1 1 1 1 1 1 1 1 1 1 1 1 1 1 1 1 1 1 1 1 1 1 1 1 1 1 1 1 1 1 1 1 1 1 1 1 1 1 1 1 1 1 1 1 1 1 1 1 1 1 1 1 1 1 1 1 1 1 1 1 1 1 1 1 1 1 1 1 1 1 1 1 1 1 1 1 1 1 1 1 1 1 1 1 1 1 1 1 1 1 1 1 1 1 1 1 1 1 1 1 1 1 1 1 1 1 1 1 1 1 1 1 1 1 1 1 1 1 1 1 1 1 1 1 1 1 1 1 1 1 1 1 1 1 1 1 1 1 1 1 1 1 1 1 1 1 1 1 1 1 1 1 1 1 1 1 1 1 1 1 1 1 1 1 1 1 1 1 1 1 1 1 1 1 1 1 1 1 1 1 1 1 1 1 1 
conversant 4 1 1 1 1 1 1 1 1 
announcements 4 1 1 1 1 1 1 1 1 
expect 4 1 1 1 1 1 1 1 1 
and 312 1 1 1 1 1 1 1 1 1 1 1 1 1 1 1 1 1 1 1 1 1 1 1 1 1 1 1 1 1 1 1 1 1 1 1 1 1 1 1 1 1 1 1 1 1 1 1 1 1 1 1 1 1 1 1 1 1 1 1 1 1 1 1 1 1 1 1 1 1 1 1 1 1 1 1 1 1 1 1 1 1 1 1 1 1 1 1 1 1 1 1 1 1 1 1 1 1 1 1 1 1 1 1 1 1 1 1 1 1 1 1 1 1 1 1 1 1 1 1 1 1 1 1 1 1 1 1 1 1 1 1 1 1 1 1 1 1 1 1 1 1 1 1 1 1 1 1 1 1 1 1 1 1 1 1 1 1 1 1 1 1 1 1 1 1 1 1 1 1 1 1 1 1 1 1 1 1 1 1 1 1 1 1 1 1 1 1 1 1 1 1 1 1 1 1 1 1 1 1 1 1 1 1 1 1 1 1 1 1 1 1 1 1 1 1 1 1 1 1 1 1 1 1 1 1 1 1 1 1 1 1 1 1 1 1 1 1 1 1 1 1 1 1 1 1 1 1 1 1 1 1 1 1 1 1 1 1 1 1 1 1 1 1 1 1 1 1 1 1 1 1 1 1 1 1 1 1 1 1 1 1 1 1 1 1 1 1 1 1 1 1 1 1 1 1 1 1 1 1 1 1 1 1 1 1 1 1 1 1 1 1 1 1 1 1 1 1 1 1 1 1 1 1 1 1 1 1 1 1 1 1 1 1 1 1 1 1 1 1 1 1 1 1 1 1 1 1 1 1 1 1 1 1 1 1 1 1 1 1 1 1 1 1 1 1 1 1 1 1 1 1 1 1 1 1 1 1 1 1 1 1 1 1 1 1 1 1 1 1 1 1 1 1 1 1 1 1 1 1 1 1 1 1 1 1 1 1 1 1 1 1 1 1 1 1 1 1 1 1 1 1 1 1 1 1 1 1 1 1 1 1 1 1 1 1 1 1 1 1 1 1 1 1 1 1 1 1 1 1 1 1 1 1 1 1 1 1 1 1 1 1 1 1 1 1 1 1 1 1 1 1 1 1 1 1 1 1 1 1 1 1 1 1 1 1 1 1 1 1 1 1 1 1 1 1 1 1 1 1 1 1 1 1 1 1 1 1 1 1 1 1 1 1 1 1 1 1 1 1 1 1 1 1 1 1 1 1 1 1 1 1 1 1 1 1 1 1 1 1 1 1 1 1 1 1 1 1 1 1 1 1 1 1 1 1 1 1 1 1 1 1 1 1 1 1 1 1 1 1 1 1 1 1 1 1 1 1 1 1 1 1 1 1 1 1 1 1 1 1 1 1 1 1 1 1 1 1 1 1 1 1 1 1 1 1 1 1 1 1 1 1 1 1 1 1 1 1 1 1 1 1 1 1 1 
depth 4 1 1 1 1 1 1 1 1 
http 4 1 1 1 1 1 1 1 1 
message 4 1 1 1 1 1 1 1 1 
addison 4 1 1 1 1 1 1 1 1 
been 4 1 1 1 1 1 1 1 1 
sheets 4 1 1 1 1 1 1 1 1 
their 4 1 1 1 1 1 1 1 1 
credit 8 1 1 1 1 1 1 1 1 1 1 1 1 1 1 1 1 
of 152 1 1 1 1 1 1 1 1 1 1 1 1 1 1 1 1 1 1 1 1 1 1 1 1 1 1 1 1 1 1 1 1 1 1 1 1 1 1 1 1 1 1 1 1 1 1 1 1 1 1 1 1 1 1 1 1 1 1 1 1 1 1 1 1 1 1 1 1 1 1 1 1 1 1 1 1 1 1 1 1 1 1 1 1 1 1 1 1 1 1 1 1 1 1 1 1 1 1 1 1 1 1 1 1 1 1 1 1 1 1 1 1 1 1 1 1 1 1 1 1 1 1 1 1 1 1 1 1 1 1 1 1 1 1 1 1 1 1 1 1 1 1 1 1 1 1 1 1 1 1 1 1 1 1 1 1 1 1 1 1 1 1 1 1 1 1 1 1 1 1 1 1 1 1 1 1 1 1 1 1 1 1 1 1 1 1 1 1 1 1 1 1 1 1 1 1 1 1 1 1 1 1 1 1 1 1 1 1 1 1 1 1 1 1 1 1 1 1 1 1 1 1 1 1 1 1 1 1 1 1 1 1 1 1 1 1 1 1 1 1 1 1 1 1 1 1 1 1 1 1 1 1 1 1 1 1 1 1 1 1 1 1 1 1 1 1 1 1 1 1 1 1 1 1 1 1 1 1 1 1 1 1 1 1 1 1 1 1 1 1 1 1 1 1 1 1 1 1 1 1 1 1 1 1 
unix 12 1 1 1 1 1 1 1 1 1 1 1 1 1 1 1 1 1 1 1 1 1 1 1 1 
caveat 8 1 1 1 1 1 1 1 1 1 1 1 1 1 1 1 1 
deducted 12 1 1 1 1 1 1 1 1 1 1 1 1 1 1 1 1 1 1 1 1 1 1 1 1 
self 4 1 1 1 1 1 1 1 1 
grading 8 1 1 1 1 1 1 1 1 1 1 1 1 1 1 1 1 
kang 8 1 1 1 1 1 1 1 1 1 1 1 1 1 1 1 1 
client 4 1 1 1 1 1 1 1 1 
day 4 1 1 1 1 1 1 1 1 
running 4 1 1 1 1 1 1 1 1 
submissions 4 1 1 1 1 1 1 1 1 
report 4 1 1 1 1 1 1 1 1 
put 8 1 1 1 1 1 1 1 1 1 1 1 1 1 1 1 1 
plan 8 1 1 1 1 1 1 1 1 1 1 1 1 1 1 1 1 
extra 8 1 1 1 1 1 1 1 1 1 1 1 1 1 1 1 1 
over 8 1 1 1 1 1 1 1 1 1 1 1 1 1 1 1 1 
orc 4 1 1 1 1 1 1 1 1 
questions 8 1 1 1 1 1 1 1 1 1 1 1 1 1 1 1 1 
provide 12 1 1 1 1 1 1 1 1 1 1 1 1 1 1 1 1 1 1 1 1 1 1 1 1 
don 12 1 1 1 1 1 1 1 1 1 1 1 1 1 1 1 1 1 1 1 1 1 1 1 1 
taken 4 1 1 1 1 1 1 1 1 
however 8 1 1 1 1 1 1 1 1 1 1 1 1 1 1 1 1 
assistants 4 1 1 1 1 1 1 1 1 
something 4 1 1 1 1 1 1 1 1 
implementation 24 1 1 1 1 1 1 1 1 1 1 1 1 1 1 1 1 1 1 1 1 1 1 1 1 1 1 1 1 1 1 1 1 1 1 1 1 1 1 1 1 1 1 1 1 1 1 1 1 
think 4 1 1 1 1 1 1 1 1 
support 4 1 1 1 1 1 1 1 1 
like 4 1 1 1 1 1 1 1 1 
do 28 1 1 1 1 1 1 1 1 1 1 1 1 1 1 1 1 1 1 1 1 1 1 1 1 1 1 1 1 1 1 1 1 1 1 1 1 1 1 1 1 1 1 1 1 1 1 1 1 1 1 1 1 1 1 1 1 
open 8 1 1 1 1 1 1 1 1 1 1 1 1 1 1 1 1 
tse 4 1 1 1 1 1 1 1 1 
ethan 8 1 1 1 1 1 1 1 1 1 1 1 1 1 1 1 1 
hour 8 1 1 1 1 1 1 1 1 1 1 1 1 1 1 1 1 
get 20 1 1 1 1 1 1 1 1 1 1 1 1 1 1 1 1 1 1 1 1 1 1 1 1 1 1 1 1 1 1 1 1 1 1 1 1 1 1 1 1 
swipe 4 1 1 1 1 1 1 1 1 
campbell 12 1 1 1 1 1 1 1 1 1 1 1 1 1 1 1 1 1 1 1 1 1 1 1 1 
hacking 4 1 1 1 1 1 1 1 1 
stuff 4 1 1 1 1 1 1 1 1 
must 4 1 1 1 1 1 1 1 1 
ta 20 1 1 1 1 1 1 1 1 1 1 1 1 1 1 1 1 1 1 1 1 1 1 1 1 1 1 1 1 1 1 1 1 1 1 1 1 1 1 1 1 
contact 8 1 1 1 1 1 1 1 1 1 1 1 1 1 1 1 1 
posts 4 1 1 1 1 1 1 1 1 
valgrind 4 1 1 1 1 1 1 1 1 
topics 4 1 1 1 1 1 1 1 1 
not 40 1 1 1 1 1 1 1 1 1 1 1 1 1 1 1 1 1 1 1 1 1 1 1 1 1 1 1 1 1 1 1 1 1 1 1 1 1 1 1 1 1 1 1 1 1 1 1 1 1 1 1 1 1 1 1 1 1 1 1 1 1 1 1 1 1 1 1 1 1 1 1 1 1 1 1 1 1 1 1 1 
dartmouth 56 1 1 1 1 1 1 1 1 1 1 1 1 1 1 1 1 1 1 1 1 1 1 1 1 1 1 1 1 1 1 1 1 1 1 1 1 1 1 1 1 1 1 1 1 1 1 1 1 1 1 1 1 1 1 1 1 1 1 1 1 1 1 1 1 1 1 1 1 1 1 1 1 1 1 1 1 1 1 1 1 1 1 1 1 1 1 1 1 1 1 1 1 1 1 1 1 1 1 1 1 1 1 1 1 1 1 1 1 1 1 1 1 
rob 4 1 1 1 1 1 1 1 1 
mind 4 1 1 1 1 1 1 1 1 
distribute 4 1 1 1 1 1 1 1 1 
tangible 4 1 1 1 1 1 1 1 1 
distributed 4 1 1 1 1 1 1 1 1 
informing 4 1 1 1 1 1 1 1 1 
four 4 1 1 1 1 1 1 1 1 
never 4 1 1 1 1 1 1 1 1 
real 4 1 1 1 1 1 1 1 1 
